1978
3,253
3,254
4,253
4,254
8,17
8,18
8,410
8,411
9,17
9,18
9,410
9,411
10,17
10,18
11,744
11,745
12,34
12,35
12,744
12,745
13,34
13,35
18,491
18,492
19,377
19,378
19,491
19,492
19,734
19,735
20,254
20,255
20,377
20,378
20,620
20,621
20,734
20,735
21,254
21,255
21,287
21,288
21,620
21,621
22,287
22,288
25,151
25,152
26,151
26,152
27,145
27,146
27,578
27,579
27,706
27,707
28,145
28,146
28,578
28,579
28,706
28,707
31,669
31,670
32,669
32,670
37,451
37,452
38,163
38,164
38,451
38,452
39,163
39,164
39,219
39,220
40,219
40,220
42,657
42,658
43,657
43,658
43,841
43,842
44,180
44,181
44,619
44,620
44,815
44,816
44,841
44,842
45,180
45,181
45,327
45,328
45,619
45,620
45,815
45,816
46,327
46,328
47,917
47,918
48,917
48,918
54,759
54,760
55,759
55,760
57,592
57,593
58,564
58,565
58,566
58,592
58,593
59,564
59,565
59,566
59,592
59,593
59,633
59,634
60,251
60,252
60,592
60,593
60,633
60,634
61,251
61,252
62,65
62,66
63,65
63,66
67,915
67,916
68,915
68,916
74,782
74,783
74,884
74,885
75,782
75,783
75,884
75,885
76,450
76,451
77,450
77,451
77,802
77,803
78,802
78,803
79,405
79,406
80,176
80,177
80,405
80,406
81,176
81,177
83,995
83,996
84,50
84,51
84,995
84,996
85,50
85,51
85,119
85,120
85,131
85,132
85,536
85,537
86,119
86,120
86,131
86,132
86,536
86,537
91,658
91,659
92,52
92,53
92,658
92,659
93,52
93,53
97,102
97,103
97,172
97,173
98,102
98,103
98,128
98,129
98,172
98,173
98,648
98,649
99,128
99,129
99,180
99,181
99,648
99,649
100,180
100,181
101,51
101,52
102,51
102,52
102,731
102,732
103,731
103,732
106,558
106,559
107,558
107,559
107,943
107,944
108,943
108,944
110,727
110,728
111,727
111,728
112,999
112,1000
113,224
113,225
113,999
113,1000
114,224
114,225
114,327
114,328
115,327
115,328
116,754
116,755
117,754
117,755
118,204
118,205
119,204
119,205
120,858
120,859
121,384
121,385
121,424
121,425
121,858
121,859
122,384
122,385
122,424
122,425
123,10
123,11
124,10
124,11
127,214
127,215
128,214
128,215
130,237
130,238
130,917
130,918
131,237
131,238
131,774
131,775
131,917
131,918
132,774
132,775
133,511
133,512
134,511
134,512
135,511
135,512
137,682
137,683
138,682
138,683
140,982
140,983
141,982
141,983
144,98
144,99
145,98
145,99
151,68
151,69
152,68
152,69
152,360
152,361
152,499
152,500
153,360
153,361
153,499
153,500
154,473
154,474
155,473
155,474
157,161
157,162
158,161
158,162
160,82
160,83
161,82
161,83
161,195
161,196
162,195
162,196
163,243
163,244
164,243
164,244
164,473
164,474
165,473
165,474
167,832
167,833
168,197
168,198
168,832
168,833
169,197
169,198
171,235
171,236
171,797
171,798
172,235
172,236
172,797
172,798
176,819
176,820
177,255
177,256
177,819
177,820
178,255
178,256
179,255
179,256
183,108
183,109
183,978
183,979
184,108
184,109
184,978
184,979
185,705
185,706
185,939
185,940
186,705
186,706
186,939
186,940
187,871
187,872
188,871
188,872
189,305
189,306
190,305
190,306
199,369
199,370
200,369
200,370
203,112
203,113
204,112
204,113
209,375
209,376
210,375
210,376
214,793
214,794
215,793
215,794
216,793
216,794
225,233
225,234
226,233
226,234
226,778
226,779
226,780
227,378
227,379
227,404
227,405
227,777
227,778
227,779
227,780
228,378
228,379
228,404
228,405
228,777
228,778
229,400
229,401
229,753
229,754
230,400
230,401
230,753
230,754
232,580
232,581
233,580
233,581
233,924
233,925
234,408
234,409
234,924
234,925
235,408
235,409
236,75
236,76
236,408
236,409
236,709
236,710
237,75
237,76
237,292
237,293
237,709
237,710
238,70
238,71
238,228
238,229
238,292
238,293
239,70
239,71
239,228
239,229
240,173
240,174
240,852
240,853
240,996
240,997
241,173
241,174
241,211
241,212
241,852
241,853
241,996
241,997
242,211
242,212
247,763
247,764
247,765
248,2
248,3
248,494
248,495
248,763
248,764
248,765
249,2
249,3
249,494
249,495
250,118
250,119
251,118
251,119
252,632
252,633
252,660
252,661
253,632
253,633
253,660
253,661
259,308
259,309
260,308
260,309
263,58
263,59
264,58
264,59
267,559
267,560
268,559
268,560
269,429
269,430
270,429
270,430
277,712
277,713
278,712
278,713
280,479
280,480
281,479
281,480
281,846
281,847
282,846
282,847
285,187
285,188
286,185
286,186
286,187
286,188
287,185
287,186
287,187
292,716
292,717
293,716
293,717
294,979
294,980
295,979
295,980
298,247
298,248
298,249
299,247
299,248
299,249
302,345
302,346
303,345
303,346
304,215
304,216
305,215
305,216
307,870
307,871
308,870
308,871
309,870
309,871
313,277
313,278
314,277
314,278
316,141
316,142
316,762
316,763
317,141
317,142
317,762
317,763
318,762
318,763
319,250
319,251
320,250
320,251
321,367
321,368
322,367
322,368
324,503
324,504
325,503
325,504
325,771
325,772
326,771
326,772
327,263
327,264
328,263
328,264
329,464
329,465
330,464
330,465
330,566
330,567
331,566
331,567
334,709
334,710
335,534
335,535
335,709
335,710
336,153
336,154
336,534
336,535
336,700
336,701
337,153
337,154
337,700
337,701
338,372
338,373
339,300
339,301
339,372
339,373
339,619
339,620
340,300
340,301
340,619
340,620
341,300
341,301
341,855
341,856
342,855
342,856
343,211
343,212
344,211
344,212
345,857
345,858
346,857
346,858
347,335
347,336
348,335
348,336
353,994
353,995
354,994
354,995
357,97
357,98
357,193
357,194
358,97
358,98
358,193
358,194
362,262
362,263
363,112
363,113
363,262
363,263
364,112
364,113
366,124
366,125
367,124
367,125
374,116
374,117
375,116
375,117
377,438
377,439
378,438
378,439
378,734
378,735
379,734
379,735
380,734
380,735
381,314
381,315
382,314
382,315
382,758
382,759
383,758
383,759
385,474
385,475
386,474
386,475
387,722
387,723
387,987
387,988
388,722
388,723
388,727
388,728
388,987
388,988
389,727
389,728
390,304
390,305
390,356
390,357
391,304
391,305
391,356
391,357
392,580
392,581
393,580
393,581
395,840
395,841
396,642
396,643
396,840
396,841
397,586
397,587
397,642
397,643
397,865
397,866
398,259
398,260
398,586
398,587
398,865
398,866
399,259
399,260
400,396
400,397
401,396
401,397
402,396
402,397
405,598
405,599
406,278
406,279
406,408
406,409
406,598
406,599
407,278
407,279
407,408
407,409
409,500
409,501
410,500
410,501
414,177
414,178
414,182
414,183
414,560
414,561
415,177
415,178
415,182
415,183
415,560
415,561
420,289
420,290
421,289
421,290
423,701
423,702
424,641
424,642
424,701
424,702
425,641
425,642
425,847
425,848
426,847
426,848
431,647
431,648
432,647
432,648
436,709
436,710
437,709
437,710
437,796
437,797
438,796
438,797
441,228
441,229
441,920
441,921
442,228
442,229
442,762
442,763
442,920
442,921
443,9
443,10
443,11
443,762
443,763
444,9
444,10
444,11
446,256
446,257
447,256
447,257
448,550
448,551
449,180
449,181
449,550
449,551
450,180
450,181
450,550
450,551
456,71
456,72
456,243
456,244
456,316
456,317
457,71
457,72
457,93
457,94
457,243
457,244
457,316
457,317
457,830
457,831
458,93
458,94
458,402
458,403
458,830
458,831
459,402
459,403
461,805
461,806
462,65
462,66
462,805
462,806
462,983
462,984
463,65
463,66
463,983
463,984
464,298
464,299
465,298
465,299
465,987
465,988
466,987
466,988
467,807
467,808
468,807
468,808
471,228
471,229
471,525
471,526
472,146
472,147
472,228
472,229
472,525
472,526
472,802
472,803
473,146
473,147
473,206
473,207
473,802
473,803
474,206
474,207
478,437
478,438
479,179
479,180
479,437
479,438
480,179
480,180
484,230
484,231
484,991
484,992
485,230
485,231
485,991
485,992
486,235
486,236
486,927
486,928
487,235
487,236
487,927
487,928
491,181
491,182
491,319
491,320
492,181
492,182
492,319
492,320
493,38
493,39
494,38
494,39
497,895
497,896
498,574
498,575
498,895
498,896
499,574
499,575
499,581
499,582
500,581
500,582
501,856
501,857
502,856
502,857
504,646
504,647
505,646
505,647
509,125
509,126
510,125
510,126
515,738
515,739
515,937
515,938
516,738
516,739
516,937
516,938
518,69
518,70
518,674
518,675
519,69
519,70
519,668
519,669
519,674
519,675
520,245
520,246
520,387
520,388
520,668
520,669
521,245
521,246
521,387
521,388
521,580
521,581
522,580
522,581
525,704
525,705
526,704
526,705
527,564
527,565
527,749
527,750
528,564
528,565
528,749
528,750
531,428
531,429
531,430
532,428
532,429
532,430
532,431
533,430
533,431
533,953
533,954
534,479
534,480
534,953
534,954
535,479
535,480
536,333
536,334
537,333
537,334
540,699
540,700
541,699
541,700
542,299
542,300
543,299
543,300
544,537
544,538
544,539
545,537
545,538
545,539
548,355
548,356
548,757
548,758
549,355
549,356
549,757
549,758
551,722
551,723
552,722
552,723
555,54
555,55
555,903
555,904
556,54
556,55
556,903
556,904
559,201
559,202
559,396
559,397
559,592
559,593
560,201
560,202
560,396
560,397
560,592
560,593
560,965
560,966
561,965
561,966
562,910
562,911
563,910
563,911
565,98
565,99
565,937
565,938
566,98
566,99
566,937
566,938
567,98
567,99
567,724
567,725
568,724
568,725
569,705
569,706
570,705
570,706
573,76
573,77
574,76
574,77
577,347
577,348
578,18
578,19
578,347
578,348
578,542
578,543
579,18
579,19
579,542
579,543
581,689
581,690
582,689
582,690
588,719
588,720
589,719
589,720
590,650
590,651
591,650
591,651
594,635
594,636
595,635
595,636
597,355
597,356
598,355
598,356
599,185
599,186
599,751
599,752
600,185
600,186
600,751
600,752
603,139
603,140
603,141
604,139
604,140
604,141
606,534
606,535
607,266
607,267
607,534
607,535
608,266
608,267
609,953
609,954
610,180
610,181
610,182
610,953
610,954
611,180
611,181
611,182
611,905
611,906
612,905
612,906
613,542
613,543
614,542
614,543
616,521
616,522
617,521
617,522
620,899
620,900
621,899
621,900
622,647
622,648
622,899
622,900
623,647
623,648
624,66
624,67
624,362
624,363
625,66
625,67
625,362
625,363
626,362
626,363
628,30
628,31
629,30
629,31
629,116
629,117
629,179
629,180
630,116
630,117
630,118
630,179
630,180
631,116
631,117
631,118
631,299
631,300
632,299
632,300
632,577
632,578
633,516
633,517
633,577
633,578
633,922
633,923
634,516
634,517
634,539
634,540
634,922
634,923
635,539
635,540
637,285
637,286
638,285
638,286
641,808
641,809
642,680
642,681
642,808
642,809
643,680
643,681
645,138
645,139
645,140
646,138
646,139
646,140
651,874
651,875
652,44
652,45
652,874
652,875
653,44
653,45
653,56
653,57
654,56
654,57
654,780
654,781
655,780
655,781
659,50
659,51
660,50
660,51
660,809
660,810
661,809
661,810
663,403
663,404
664,403
664,404
666,128
666,129
666,735
666,736
667,128
667,129
667,220
667,221
667,735
667,736
667,968
667,969
668,220
668,221
668,968
668,969
668,988
668,989
669,988
669,989
670,127
670,128
671,127
671,128
671,605
671,606
672,605
672,606
681,527
681,528
682,527
682,528
683,557
683,558
684,543
684,544
684,557
684,558
685,453
685,454
685,543
685,544
686,453
686,454
689,424
689,425
689,722
689,723
690,424
690,425
690,477
690,478
690,722
690,723
691,477
691,478
694,396
694,397
695,46
695,47
695,396
695,397
696,46
696,47
699,181
699,182
700,181
700,182
701,289
701,290
701,339
701,340
701,666
701,667
702,289
702,290
702,339
702,340
702,666
702,667
703,196
703,197
703,845
703,846
704,196
704,197
704,845
704,846
707,295
707,296
708,295
708,296
709,789
709,790
710,251
710,252
710,789
710,790
710,807
710,808
710,809
711,192
711,193
711,251
711,252
711,807
711,808
711,809
712,192
712,193
713,720
713,721
714,720
714,721
715,935
715,936
716,935
716,936
717,698
717,699
718,418
718,419
718,698
718,699
718,915
718,916
719,418
719,419
719,915
719,916
723,186
723,187
723,201
723,202
724,186
724,187
724,201
724,202
724,349
724,350
725,349
725,350
726,240
726,241
727,8
727,9
727,240
727,241
727,696
727,697
728,8
728,9
728,696
728,697
729,668
729,669
730,668
730,669
732,71
732,72
733,71
733,72
733,336
733,337
734,336
734,337
737,499
737,500
737,909
737,910
738,388
738,389
738,499
738,500
738,909
738,910
739,388
739,389
739,499
739,500
740,753
740,754
741,753
741,754
743,908
743,909
744,908
744,909
749,931
749,932
750,931
750,932
752,245
752,246
753,245
753,246
754,641
754,642
755,641
755,642
755,734
755,735
755,864
755,865
756,734
756,735
756,855
756,856
756,864
756,865
757,855
757,856
759,747
759,748
760,747
760,748
761,443
761,444
761,957
761,958
762,443
762,444
762,957
762,958
765,514
765,515
766,133
766,134
766,514
766,515
767,133
767,134
769,191
769,192
770,191
770,192
770,579
770,580
771,579
771,580
772,654
772,655
773,654
773,655
774,151
774,152
775,151
775,152
775,336
775,337
776,189
776,190
776,336
776,337
777,189
777,190
777,572
777,573
778,572
778,573
783,868
783,869
784,868
784,869
787,278
787,279
788,278
788,279
789,906
789,907
790,36
790,37
790,906
790,907
791,36
791,37
791,173
791,174
792,173
792,174
792,498
792,499
792,909
792,910
793,498
793,499
793,909
793,910
796,140
796,141
796,142
797,140
797,141
797,142
798,863
798,864
799,99
799,100
799,863
799,864
800,99
800,100
801,79
801,80
802,79
802,80
810,304
810,305
811,304
811,305
813,651
813,652
814,651
814,652
816,249
816,250
816,708
816,709
817,249
817,250
817,708
817,709
820,647
820,648
821,647
821,648
822,157
822,158
822,417
822,418
822,797
822,798
823,157
823,158
823,417
823,418
823,572
823,573
823,797
823,798
824,440
824,441
824,572
824,573
825,440
825,441
827,235
827,236
828,235
828,236
837,127
837,128
838,127
838,128
838,382
838,383
839,382
839,383
840,255
840,256
840,674
840,675
841,255
841,256
841,674
841,675
844,198
844,199
845,198
845,199
847,190
847,191
848,190
848,191
850,793
850,794
850,982
850,983
851,575
851,576
851,793
851,794
851,982
851,983
852,132
852,133
852,575
852,576
853,132
853,133
855,956
855,957
856,496
856,497
856,884
856,885
856,956
856,957
857,496
857,497
857,884
857,885
859,384
859,385
860,384
860,385
861,58
861,59
861,119
861,120
862,58
862,59
862,119
862,120
862,383
862,384
863,383
863,384
864,665
864,666
864,792
864,793
865,665
865,666
865,792
865,793
871,873
871,874
872,56
872,57
872,873
872,874
873,56
873,57
873,106
873,107
874,106
874,107
878,109
878,110
879,109
879,110
880,733
880,734
881,733
881,734
882,84
882,85
883,64
883,65
883,84
883,85
884,64
884,65
884,455
884,456
885,455
885,456
885,457
886,456
886,457
887,755
887,756
888,755
888,756
892,51
892,52
892,53
893,51
893,52
893,53
895,942
895,943
896,942
896,943
898,575
898,576
899,575
899,576
901,309
901,310
902,309
902,310
902,956
902,957
903,333
903,334
903,354
903,355
903,956
903,957
904,61
904,62
904,333
904,334
904,354
904,355
905,61
905,62
909,772
909,773
910,153
910,154
910,728
910,729
910,772
910,773
911,153
911,154
911,527
911,528
911,728
911,729
912,11
912,12
912,527
912,528
913,11
913,12
915,238
915,239
916,238
916,239
918,181
918,182
918,604
918,605
918,622
918,623
919,181
919,182
919,604
919,605
919,622
919,623
921,437
921,438
922,437
922,438
924,353
924,354
924,943
924,944
925,121
925,122
925,353
925,354
925,943
925,944
926,121
926,122
927,947
927,948
928,947
928,948
929,248
929,249
930,248
930,249
932,857
932,858
933,857
933,858
936,274
936,275
937,274
937,275
938,745
938,746
938,801
938,802
939,745
939,746
939,801
939,802
943,494
943,495
944,494
944,495
946,992
946,993
947,779
947,780
947,992
947,993
948,779
948,780
951,180
951,181
951,697
951,698
952,180
952,181
952,697
952,698
955,905
955,906
956,905
956,906
957,320
957,321
958,320
958,321
962,514
962,515
963,514
963,515
967,375
967,376
968,375
968,376
971,125
971,126
972,125
972,126
974,286
974,287
974,952
974,953
975,286
975,287
975,952
975,953
975,997
975,998
976,997
976,998
983,439
983,440
983,628
983,629
983,907
983,908
984,439
984,440
984,628
984,629
984,907
984,908
985,385
985,386
986,31
986,32
986,385
986,386
987,31
987,32
989,697
989,698
989,810
989,811
990,697
990,698
990,810
990,811
990,909
990,910
991,239
991,240
991,909
991,910
992,239
992,240
994,794
994,795
995,794
995,795
995,929
995,930
996,929
996,930
998,114
998,115
999,114
999,115
999,948
999,949
1000,948
1000,949
