1852
5,986
5,987
6,986
6,987
8,17
8,18
9,17
9,18
10,17
10,18
10,329
10,330
10,717
10,718
11,329
11,330
11,717
11,718
17,210
17,211
17,912
17,913
18,210
18,211
18,912
18,913
19,117
19,118
19,377
19,378
20,117
20,118
20,377
20,378
21,141
21,142
22,141
22,142
24,962
24,963
25,962
25,963
27,317
27,318
28,317
28,318
29,534
29,535
30,534
30,535
33,69
33,70
33,539
33,540
34,69
34,70
34,539
34,540
37,451
37,452
38,451
38,452
46,441
46,442
47,441
47,442
51,258
51,259
51,553
51,554
51,694
51,695
52,258
52,259
52,553
52,554
52,694
52,695
52,730
52,731
53,525
53,526
53,730
53,731
54,525
54,526
54,730
54,731
54,888
54,889
55,888
55,889
61,90
61,91
61,126
61,127
62,90
62,91
62,92
62,126
62,127
63,91
63,92
72,223
72,224
72,667
72,668
73,223
73,224
73,667
73,668
74,867
74,868
75,867
75,868
78,424
78,425
79,424
79,425
79,565
79,566
80,413
80,414
80,565
80,566
81,413
81,414
83,943
83,944
84,943
84,944
85,131
85,132
85,331
85,332
86,131
86,132
86,293
86,294
86,331
86,332
86,475
86,476
87,293
87,294
87,475
87,476
87,715
87,716
87,776
87,777
88,260
88,261
88,715
88,716
88,776
88,777
89,260
89,261
89,530
89,531
89,931
89,932
90,530
90,531
90,931
90,932
91,336
91,337
92,336
92,337
92,498
92,499
92,755
92,756
93,297
93,298
93,498
93,499
93,755
93,756
94,297
94,298
95,938
95,939
96,938
96,939
103,936
103,937
104,845
104,846
104,936
104,937
105,171
105,172
105,845
105,846
106,44
106,45
106,171
106,172
107,44
107,45
109,513
109,514
110,513
110,514
112,543
112,544
113,543
113,544
114,614
114,615
115,325
115,326
115,369
115,370
115,614
115,615
116,325
116,326
116,369
116,370
117,564
117,565
118,564
118,565
119,830
119,831
120,830
120,831
121,424
121,425
122,424
122,425
123,427
123,428
124,337
124,338
124,427
124,428
125,336
125,337
125,338
126,297
126,298
126,336
126,337
127,297
127,298
130,917
130,918
131,556
131,557
131,917
131,918
132,556
132,557
136,807
136,808
137,807
137,808
140,793
140,794
141,359
141,360
141,793
141,794
142,359
142,360
149,814
149,815
150,814
150,815
152,225
152,226
153,225
153,226
154,292
154,293
154,314
154,315
155,292
155,293
155,314
155,315
157,806
157,807
158,804
158,805
158,806
158,807
159,390
159,391
159,527
159,528
159,804
159,805
160,390
160,391
160,527
160,528
163,529
163,530
164,294
164,295
164,529
164,530
165,83
165,84
165,293
165,294
165,295
166,83
166,84
166,293
166,294
166,506
166,507
167,506
167,507
167,832
167,833
168,653
168,654
168,832
168,833
169,653
169,654
171,675
171,676
171,969
171,970
172,675
172,676
172,969
172,970
173,173
173,174
173,193
173,194
173,822
173,823
174,173
174,174
174,193
174,194
174,430
174,431
174,822
174,823
175,430
175,431
175,459
175,460
175,770
175,771
176,459
176,460
176,770
176,771
179,700
179,701
180,700
180,701
182,197
182,198
183,197
183,198
188,98
188,99
188,617
188,618
189,98
189,99
189,617
189,618
191,743
191,744
192,743
192,744
192,761
192,762
192,882
192,883
193,761
193,762
193,882
193,883
194,364
194,365
194,366
194,512
194,513
194,761
194,762
195,364
195,365
195,366
195,512
195,513
197,136
197,137
198,136
198,137
198,370
198,371
199,369
199,370
199,371
200,369
200,370
200,927
200,928
201,109
201,110
201,927
201,928
202,109
202,110
206,787
206,788
207,787
207,788
208,210
208,211
209,210
209,211
209,745
209,746
209,826
209,827
210,667
210,668
210,745
210,746
210,826
210,827
211,435
211,436
211,437
211,667
211,668
212,435
212,436
212,437
213,276
213,277
214,275
214,276
214,277
215,89
215,90
215,275
215,276
216,89
216,90
216,350
216,351
217,350
217,351
218,350
218,351
218,615
218,616
219,615
219,616
222,110
222,111
222,464
222,465
223,110
223,111
223,464
223,465
224,179
224,180
225,179
225,180
225,233
225,234
226,179
226,180
226,233
226,234
230,24
230,25
231,24
231,25
232,879
232,880
233,309
233,310
233,879
233,880
234,309
234,310
234,412
234,413
235,412
235,413
237,84
237,85
238,84
238,85
239,131
239,132
240,131
240,132
240,153
240,154
241,153
241,154
241,577
241,578
242,577
242,578
242,945
242,946
243,945
243,946
245,955
245,956
246,620
246,621
246,955
246,956
247,620
247,621
247,688
247,689
248,688
248,689
257,317
257,318
258,317
258,318
260,426
260,427
261,426
261,427
263,89
263,90
263,544
263,545
263,712
263,713
264,89
264,90
264,544
264,545
264,712
264,713
269,354
269,355
270,313
270,314
270,354
270,355
271,313
271,314
271,434
271,435
272,434
272,435
281,267
281,268
282,267
282,268
284,674
284,675
285,674
285,675
286,529
286,530
287,529
287,530
288,278
288,279
289,278
289,279
293,796
293,797
294,796
294,797
295,254
295,255
296,5
296,6
296,254
296,255
297,5
297,6
297,451
297,452
298,451
298,452
302,295
302,296
302,354
302,355
302,494
302,495
303,295
303,296
303,354
303,355
303,494
303,495
305,401
305,402
306,401
306,402
306,683
306,684
307,401
307,402
307,498
307,499
307,683
307,684
307,895
307,896
308,498
308,499
308,539
308,540
308,895
308,896
309,539
309,540
311,199
311,200
311,221
311,222
311,881
311,882
312,199
312,200
312,221
312,222
312,881
312,882
312,980
312,981
313,201
313,202
313,980
313,981
314,201
314,202
316,141
316,142
317,141
317,142
318,137
318,138
319,137
319,138
320,847
320,848
321,847
321,848
321,898
321,899
322,569
322,570
322,898
322,899
323,569
323,570
325,361
325,362
325,999
325,1000
326,361
326,362
326,999
326,1000
330,729
330,730
331,729
331,730
332,27
332,28
333,27
333,28
338,988
338,989
339,731
339,732
339,733
339,988
339,989
340,663
340,664
340,731
340,732
340,733
341,568
341,569
341,663
341,664
342,568
342,569
343,776
343,777
344,776
344,777
352,82
352,83
352,153
352,154
352,963
352,964
353,82
353,83
353,153
353,154
353,963
353,964
354,808
354,809
355,808
355,809
357,881
357,882
357,971
357,972
358,390
358,391
358,881
358,882
358,971
358,972
359,390
359,391
360,109
360,110
361,109
361,110
362,303
362,304
362,621
362,622
363,303
363,304
363,621
363,622
363,778
363,779
364,778
364,779
367,49
367,50
368,49
368,50
368,177
368,178
369,177
369,178
373,846
373,847
374,394
374,395
374,846
374,847
375,394
375,395
378,997
378,998
379,872
379,873
379,997
379,998
380,300
380,301
380,872
380,873
381,300
381,301
381,569
381,570
381,588
381,589
381,824
381,825
382,569
382,570
382,588
382,589
382,824
382,825
384,276
384,277
385,276
385,277
385,701
385,702
386,701
386,702
391,191
391,192
392,14
392,15
392,191
392,192
393,14
393,15
394,283
394,284
395,283
395,284
395,601
395,602
395,700
395,701
396,601
396,602
396,700
396,701
399,520
399,521
400,207
400,208
400,465
400,466
400,519
400,520
400,521
400,783
400,784
400,863
400,864
401,207
401,208
401,465
401,466
401,519
401,520
401,783
401,784
401,863
401,864
406,933
406,934
407,933
407,934
410,473
410,474
411,473
411,474
411,869
411,870
412,150
412,151
412,869
412,870
413,150
413,151
418,242
418,243
418,917
418,918
419,242
419,243
419,512
419,513
419,917
419,918
420,512
420,513
420,627
420,628
420,867
420,868
421,512
421,513
421,627
421,628
421,693
421,694
421,867
421,868
422,513
422,514
422,515
422,516
422,517
422,693
422,694
423,516
423,517
430,206
430,207
430,415
430,416
431,206
431,207
431,415
431,416
431,834
431,835
432,206
432,207
432,834
432,835
434,427
434,428
435,427
435,428
441,920
441,921
442,920
442,921
452,118
452,119
453,118
453,119
460,261
460,262
461,261
461,262
464,570
464,571
465,570
465,571
466,592
466,593
467,328
467,329
467,388
467,389
467,592
467,593
468,207
468,208
468,328
468,329
468,388
468,389
469,76
469,77
469,207
469,208
469,980
469,981
470,76
470,77
470,980
470,981
474,425
474,426
475,425
475,426
480,577
480,578
481,221
481,222
481,229
481,230
481,544
481,545
481,577
481,578
482,221
482,222
482,229
482,230
482,544
482,545
484,673
484,674
485,673
485,674
486,359
486,360
487,359
487,360
489,157
489,158
490,157
490,158
490,628
490,629
491,181
491,182
491,628
491,629
492,181
492,182
494,296
494,297
495,296
495,297
496,232
496,233
497,183
497,184
497,232
497,233
498,183
498,184
501,16
501,17
502,16
502,17
502,682
502,683
503,682
503,683
506,799
506,800
507,739
507,740
507,799
507,800
508,739
508,740
513,996
513,997
514,996
514,997
521,819
521,820
522,795
522,796
522,819
522,820
523,795
523,796
528,157
528,158
529,157
529,158
530,321
530,322
531,321
531,322
531,323
532,322
532,323
532,379
532,380
533,379
533,380
535,209
535,210
536,209
536,210
537,845
537,846
538,845
538,846
540,150
540,151
541,150
541,151
543,594
543,595
544,594
544,595
550,985
550,986
551,985
551,986
555,472
555,473
556,472
556,473
558,733
558,734
559,97
559,98
559,733
559,734
560,97
560,98
561,251
561,252
561,366
561,367
562,251
562,252
562,366
562,367
569,234
569,235
570,234
570,235
571,145
571,146
571,685
571,686
572,145
572,146
572,685
572,686
573,528
573,529
574,528
574,529
576,613
576,614
577,613
577,614
577,639
577,640
578,639
578,640
580,349
580,350
581,179
581,180
581,349
581,350
582,179
582,180
584,348
584,349
584,638
584,639
584,650
584,651
585,348
585,349
585,638
585,639
585,650
585,651
586,544
586,545
587,544
587,545
587,639
587,640
588,639
588,640
589,446
589,447
590,446
590,447
592,943
592,944
593,943
593,944
594,312
594,313
595,312
595,313
595,741
595,742
596,741
596,742
597,355
597,356
598,355
598,356
605,852
605,853
606,618
606,619
606,852
606,853
607,410
607,411
607,570
607,571
607,618
607,619
608,290
608,291
608,410
608,411
608,570
608,571
609,290
609,291
611,53
611,54
612,53
612,54
613,44
613,45
614,43
614,44
614,45
615,43
615,44
617,153
617,154
618,153
618,154
618,840
618,841
619,619
619,620
619,840
619,841
620,619
620,620
622,647
622,648
623,647
623,648
626,115
626,116
627,115
627,116
628,680
628,681
629,680
629,681
633,615
633,616
634,615
634,616
637,285
637,286
637,857
637,858
638,285
638,286
638,857
638,858
644,110
644,111
645,110
645,111
650,503
650,504
651,503
651,504
652,26
652,27
652,585
652,586
652,699
652,700
653,26
653,27
653,56
653,57
653,585
653,586
653,699
653,700
654,56
654,57
654,844
654,845
654,902
654,903
655,844
655,845
655,902
655,903
656,647
656,648
657,647
657,648
661,334
661,335
661,336
662,334
662,335
662,336
664,762
664,763
665,762
665,763
668,767
668,768
669,767
669,768
672,190
672,191
673,190
673,191
675,372
675,373
676,51
676,52
676,372
676,373
676,728
676,729
677,51
677,52
677,728
677,729
678,945
678,946
679,945
679,946
683,557
683,558
684,557
684,558
688,456
688,457
689,456
689,457
694,396
694,397
695,396
695,397
696,805
696,806
697,805
697,806
699,297
699,298
700,297
700,298
703,357
703,358
704,357
704,358
706,202
706,203
707,202
707,203
707,429
707,430
707,830
707,831
708,268
708,269
708,429
708,430
708,830
708,831
709,268
709,269
711,833
711,834
711,837
711,838
712,833
712,834
712,837
712,838
712,924
712,925
713,720
713,721
713,924
713,925
714,720
714,721
716,43
716,44
717,43
717,44
719,925
719,926
720,228
720,229
720,925
720,926
721,228
721,229
722,104
722,105
723,104
723,105
723,560
723,561
724,560
724,561
729,344
729,345
730,344
730,345
734,261
734,262
735,261
735,262
735,332
735,333
735,334
736,332
736,333
736,334
736,986
736,987
737,37
737,38
737,909
737,910
737,986
737,987
738,37
738,38
738,417
738,418
738,419
738,909
738,910
739,417
739,419
740,21
740,22
740,417
740,418
740,419
740,458
740,459
741,21
741,22
741,458
741,459
742,272
742,273
742,458
742,459
743,272
743,273
748,201
748,202
749,201
749,202
749,466
749,467
750,466
750,467
755,313
755,314
756,1
756,2
756,313
756,314
757,1
757,2
757,3
758,2
758,3
758,58
758,59
759,58
759,59
760,95
760,96
761,95
761,96
764,238
764,239
764,673
764,674
765,238
765,239
765,673
765,674
768,456
768,457
769,456
769,457
770,579
770,580
771,504
771,505
771,579
771,580
772,504
772,505
774,77
774,78
775,77
775,78
777,906
777,907
778,906
778,907
779,226
779,227
780,226
780,227
781,213
781,214
782,213
782,214
790,127
790,128
791,127
791,128
795,43
795,44
796,43
796,44
801,618
801,619
801,876
801,877
802,618
802,619
802,876
802,877
803,757
803,758
804,757
804,758
806,602
806,603
807,602
807,603
817,626
817,627
818,474
818,475
818,626
818,627
819,474
819,475
822,51
822,52
822,200
822,201
822,797
822,798
823,51
823,52
823,200
823,201
823,797
823,798
827,634
827,635
828,634
828,635
832,571
832,572
833,371
833,372
833,571
833,572
833,728
833,729
834,371
834,372
834,434
834,435
834,728
834,729
835,219
835,220
835,327
835,328
835,434
835,435
835,591
835,592
836,219
836,220
836,327
836,328
836,591
836,592
839,548
839,549
840,548
840,549
840,674
840,675
841,674
841,675
843,279
843,280
843,390
843,391
843,732
843,733
844,279
844,280
844,390
844,391
844,732
844,733
846,67
846,68
847,67
847,68
848,192
848,193
848,574
848,575
849,192
849,193
849,574
849,575
850,72
850,73
850,544
850,545
851,72
851,73
851,544
851,545
855,110
855,111
856,110
856,111
860,211
860,212
861,211
861,212
861,435
861,436
862,435
862,436
862,438
862,439
863,438
863,439
868,926
868,927
869,300
869,301
869,926
869,927
870,300
870,301
875,643
875,644
876,643
876,644
877,739
877,740
878,738
878,739
878,740
879,738
879,739
879,740
884,449
884,450
885,449
885,450
886,132
886,133
887,132
887,133
888,164
888,165
889,164
889,165
889,731
889,732
890,731
890,732
892,52
892,53
892,54
892,658
892,659
893,52
893,53
893,54
893,658
893,659
894,253
894,254
895,111
895,112
895,253
895,254
896,111
896,112
898,730
898,731
899,730
899,731
900,195
900,196
900,929
900,930
901,195
901,196
901,929
901,930
903,548
903,549
904,548
904,549
906,778
906,779
907,778
907,779
913,809
913,810
914,809
914,810
915,109
915,110
916,109
916,110
918,724
918,725
919,724
919,725
920,616
920,617
921,616
921,617
922,616
922,617
924,624
924,625
925,624
925,625
925,908
925,909
926,908
926,909
932,831
932,832
933,831
933,832
935,189
935,190
935,630
935,631
935,784
935,785
935,829
935,830
936,189
936,190
936,630
936,631
936,784
936,785
936,829
936,830
936,958
936,959
937,958
937,959
943,326
943,327
943,801
943,802
944,326
944,327
944,801
944,802
945,199
945,200
945,326
945,327
945,439
945,440
946,199
946,200
946,439
946,440
949,719
949,720
950,719
950,720
950,862
950,863
951,862
951,863
953,385
953,386
954,385
954,386
955,116
955,117
956,116
956,117
956,462
956,463
957,462
957,463
961,674
961,675
962,674
962,675
962,920
962,921
963,920
963,921
967,897
967,898
968,897
968,898
969,52
969,53
969,345
969,346
969,347
970,52
970,53
970,85
970,86
970,345
970,346
970,347
971,85
971,86
971,125
971,126
972,125
972,126
979,972
979,973
980,417
980,418
980,972
980,973
981,417
981,418
983,960
983,961
984,13
984,14
984,103
984,104
984,105
984,779
984,780
984,960
984,961
985,13
985,14
985,103
985,104
985,105
985,779
985,780
987,108
987,109
988,108
988,109
989,298
989,299
989,716
989,717
990,298
990,299
990,716
990,717
992,461
992,462
993,461
993,462
999,762
999,763
1000,762
1000,763
