2990
1,1
1,4
1,6
1,14
1,15
1,16
1,17
1,18
1,19
1,23
1,27
1,31
1,32
1,34
1,40
1,41
1,44
1,47
1,48
1,50
1,53
1,55
1,58
1,60
1,64
1,66
1,69
1,71
1,79
1,80
1,84
1,90
1,91
1,94
1,96
1,100
2,1
2,4
2,7
2,10
2,11
2,19
2,28
2,40
2,49
2,51
2,58
2,60
2,61
2,67
2,70
2,71
2,73
2,82
2,88
2,89
2,95
2,97
3,3
3,8
3,12
3,15
3,19
3,22
3,23
3,37
3,38
3,40
3,42
3,47
3,48
3,50
3,53
3,54
3,62
3,63
3,70
3,76
3,77
3,80
3,84
3,86
3,88
3,93
3,95
3,96
3,100
4,5
4,6
4,15
4,16
4,20
4,23
4,35
4,39
4,43
4,44
4,46
4,48
4,49
4,51
4,55
4,56
4,58
4,64
4,66
4,71
4,75
4,79
4,84
4,93
4,95
5,2
5,3
5,10
5,14
5,18
5,23
5,31
5,32
5,41
5,44
5,51
5,55
5,58
5,61
5,62
5,66
5,73
5,74
5,81
5,82
5,83
5,94
5,95
5,96
6,1
6,8
6,11
6,12
6,15
6,16
6,19
6,23
6,27
6,29
6,34
6,40
6,50
6,55
6,64
6,66
6,68
6,75
6,76
6,78
6,83
6,84
6,93
6,94
6,95
6,98
6,99
7,3
7,6
7,13
7,15
7,17
7,20
7,23
7,24
7,25
7,28
7,29
7,33
7,37
7,38
7,40
7,43
7,45
7,48
7,52
7,53
7,57
7,60
7,63
7,64
7,65
7,71
7,72
7,77
7,79
7,80
7,82
7,86
7,87
7,88
7,90
7,95
7,97
7,99
8,3
8,8
8,12
8,14
8,15
8,16
8,21
8,23
8,24
8,28
8,34
8,36
8,38
8,49
8,52
8,65
8,70
8,76
8,78
8,80
8,83
8,97
8,99
9,2
9,5
9,20
9,32
9,38
9,39
9,40
9,42
9,43
9,44
9,49
9,55
9,59
9,60
9,70
9,75
9,77
9,80
9,81
9,85
9,86
9,88
9,89
9,91
9,93
9,95
9,99
10,5
10,6
10,8
10,10
10,12
10,14
10,21
10,22
10,29
10,37
10,40
10,42
10,43
10,46
10,49
10,50
10,52
10,55
10,57
10,58
10,63
10,64
10,66
10,72
10,74
10,81
10,87
10,89
10,91
10,93
10,96
10,98
11,1
11,5
11,15
11,19
11,20
11,35
11,36
11,38
11,44
11,47
11,48
11,50
11,56
11,57
11,63
11,70
11,75
11,79
11,80
11,84
11,88
11,92
11,97
12,1
12,2
12,4
12,8
12,12
12,14
12,16
12,17
12,21
12,22
12,25
12,30
12,32
12,33
12,36
12,38
12,40
12,41
12,43
12,44
12,48
12,50
12,51
12,56
12,61
12,62
12,65
12,66
12,76
12,82
12,91
12,93
12,94
12,99
13,1
13,8
13,12
13,16
13,20
13,32
13,34
13,35
13,37
13,39
13,42
13,46
13,48
13,49
13,54
13,55
13,57
13,59
13,61
13,63
13,66
13,71
13,74
13,82
13,86
13,92
13,93
14,4
14,11
14,13
14,16
14,17
14,18
14,20
14,21
14,22
14,23
14,26
14,27
14,28
14,38
14,40
14,41
14,45
14,47
14,48
14,49
14,51
14,53
14,56
14,58
14,59
14,60
14,63
14,64
14,66
14,67
14,70
14,72
14,73
14,74
14,78
14,80
14,82
14,88
14,90
14,91
14,93
14,95
14,99
15,5
15,8
15,20
15,24
15,25
15,27
15,28
15,34
15,36
15,37
15,47
15,53
15,59
15,60
15,61
15,63
15,64
15,65
15,73
15,74
15,77
15,78
15,88
15,90
15,91
15,93
15,96
15,100
16,4
16,6
16,11
16,13
16,14
16,17
16,21
16,23
16,29
16,36
16,40
16,41
16,42
16,43
16,45
16,47
16,53
16,56
16,64
16,65
16,67
16,68
16,76
16,78
16,80
16,81
16,83
16,86
16,87
16,88
16,89
16,90
16,92
16,93
16,95
16,96
17,3
17,4
17,15
17,17
17,18
17,25
17,32
17,33
17,38
17,41
17,44
17,52
17,53
17,55
17,57
17,58
17,62
17,64
17,65
17,68
17,70
17,74
17,75
17,76
17,77
17,81
17,84
17,85
17,88
17,91
17,93
17,94
17,98
17,99
18,1
18,5
18,7
18,16
18,18
18,27
18,32
18,35
18,41
18,42
18,46
18,48
18,51
18,54
18,58
18,59
18,61
18,63
18,68
18,72
18,73
18,74
18,75
18,77
18,85
18,86
18,92
18,93
18,94
18,95
18,96
18,98
18,99
19,2
19,3
19,7
19,8
19,9
19,11
19,12
19,14
19,18
19,21
19,26
19,33
19,34
19,38
19,40
19,50
19,51
19,63
19,65
19,66
19,70
19,71
19,72
19,75
19,77
19,78
19,80
19,86
19,89
19,95
19,97
19,98
20,12
20,13
20,17
20,21
20,24
20,26
20,28
20,29
20,35
20,37
20,38
20,39
20,41
20,45
20,47
20,50
20,53
20,56
20,62
20,64
20,66
20,72
20,76
20,78
20,80
20,83
20,88
20,89
20,93
20,94
20,95
20,96
20,97
20,98
20,99
20,100
21,1
21,3
21,5
21,8
21,12
21,32
21,34
21,35
21,36
21,37
21,38
21,39
21,42
21,43
21,44
21,47
21,48
21,51
21,53
21,55
21,60
21,63
21,65
21,68
21,69
21,71
21,75
21,77
21,78
21,79
21,83
21,87
21,88
21,93
21,96
21,99
22,7
22,8
22,20
22,26
22,31
22,32
22,33
22,34
22,37
22,39
22,42
22,43
22,48
22,51
22,75
22,78
22,87
22,88
22,89
22,90
23,1
23,2
23,5
23,6
23,8
23,10
23,11
23,13
23,16
23,18
23,19
23,20
23,22
23,27
23,30
23,32
23,35
23,37
23,39
23,42
23,43
23,56
23,59
23,60
23,76
23,77
23,78
23,79
23,82
23,84
23,87
23,89
23,92
23,93
23,99
24,8
24,10
24,11
24,14
24,18
24,21
24,25
24,29
24,30
24,36
24,39
24,41
24,45
24,47
24,50
24,52
24,56
24,65
24,68
24,70
24,71
24,72
24,76
24,77
24,85
24,91
24,92
24,97
24,99
24,100
25,3
25,5
25,6
25,7
25,8
25,9
25,11
25,12
25,14
25,19
25,20
25,21
25,22
25,23
25,24
25,28
25,29
25,30
25,33
25,35
25,42
25,44
25,49
25,51
25,57
25,60
25,61
25,65
25,68
25,72
25,74
25,75
25,78
25,79
25,88
25,89
25,90
25,96
25,98
25,100
26,2
26,6
26,8
26,10
26,14
26,15
26,26
26,27
26,28
26,30
26,34
26,38
26,44
26,49
26,61
26,67
26,76
26,77
26,80
26,84
26,87
26,88
26,90
26,97
27,3
27,5
27,8
27,11
27,17
27,23
27,26
27,32
27,35
27,41
27,44
27,46
27,48
27,50
27,51
27,57
27,58
27,60
27,66
27,70
27,71
27,77
27,79
27,83
27,85
27,86
27,90
27,94
27,99
28,4
28,5
28,10
28,14
28,15
28,17
28,18
28,19
28,20
28,21
28,23
28,25
28,26
28,27
28,28
28,35
28,39
28,41
28,43
28,46
28,50
28,51
28,53
28,56
28,58
28,60
28,61
28,79
28,81
28,85
28,86
28,90
28,91
28,94
28,96
28,100
29,1
29,16
29,21
29,25
29,30
29,34
29,36
29,47
29,48
29,54
29,56
29,60
29,62
29,63
29,67
29,69
29,81
29,86
29,89
29,93
29,94
29,96
29,98
30,5
30,8
30,17
30,25
30,27
30,31
30,40
30,45
30,49
30,51
30,53
30,54
30,58
30,59
30,61
30,67
30,69
30,76
30,79
30,83
30,86
30,87
30,88
30,90
30,92
30,93
30,94
30,96
31,4
31,5
31,11
31,12
31,19
31,21
31,22
31,24
31,34
31,43
31,48
31,49
31,56
31,60
31,61
31,65
31,67
31,70
31,74
31,75
31,81
31,87
31,90
31,91
31,96
31,98
32,1
32,2
32,3
32,5
32,7
32,13
32,17
32,19
32,24
32,28
32,37
32,39
32,50
32,51
32,53
32,57
32,58
32,72
32,73
32,78
32,79
32,82
32,90
32,93
32,95
33,4
33,10
33,12
33,17
33,20
33,22
33,23
33,30
33,31
33,32
33,35
33,36
33,44
33,45
33,46
33,49
33,50
33,55
33,57
33,61
33,63
33,68
33,71
33,73
33,74
33,75
33,78
33,80
33,83
33,90
33,91
33,96
33,98
34,2
34,3
34,4
34,7
34,8
34,9
34,11
34,12
34,15
34,16
34,19
34,28
34,30
34,33
34,35
34,40
34,43
34,44
34,55
34,57
34,59
34,60
34,69
34,70
34,74
34,81
34,83
34,89
34,91
34,94
34,96
34,97
34,100
35,1
35,4
35,5
35,13
35,14
35,15
35,16
35,17
35,18
35,22
35,23
35,28
35,30
35,31
35,35
35,39
35,45
35,53
35,59
35,63
35,66
35,67
35,71
35,89
35,92
35,93
35,94
35,99
36,2
36,3
36,12
36,13
36,15
36,17
36,18
36,20
36,21
36,24
36,26
36,28
36,30
36,34
36,35
36,37
36,44
36,46
36,47
36,48
36,50
36,53
36,54
36,56
36,58
36,64
36,66
36,67
36,75
36,77
36,81
36,85
36,90
36,91
36,93
36,99
37,8
37,9
37,15
37,16
37,20
37,22
37,24
37,25
37,26
37,33
37,36
37,38
37,40
37,45
37,47
37,48
37,51
37,56
37,59
37,63
37,64
37,67
37,69
37,72
37,81
37,90
37,96
37,100
38,1
38,5
38,6
38,7
38,8
38,23
38,24
38,26
38,31
38,32
38,36
38,41
38,49
38,50
38,51
38,58
38,60
38,61
38,64
38,66
38,69
38,72
38,75
38,78
38,95
38,99
39,7
39,8
39,11
39,12
39,13
39,15
39,17
39,19
39,21
39,24
39,29
39,30
39,32
39,37
39,40
39,43
39,46
39,53
39,66
39,70
39,71
39,77
39,78
39,80
39,94
39,95
39,97
39,98
40,2
40,4
40,8
40,9
40,11
40,13
40,18
40,19
40,21
40,23
40,29
40,30
40,45
40,46
40,49
40,53
40,54
40,56
40,59
40,61
40,62
40,65
40,66
40,69
40,71
40,76
40,83
40,84
40,87
40,93
40,94
40,96
40,98
40,99
40,100
41,2
41,6
41,12
41,14
41,19
41,21
41,27
41,29
41,31
41,32
41,33
41,35
41,36
41,47
41,54
41,55
41,64
41,71
41,72
41,76
41,78
41,80
41,84
41,85
41,89
41,92
41,96
42,3
42,4
42,5
42,8
42,9
42,12
42,13
42,16
42,23
42,25
42,28
42,31
42,35
42,37
42,40
42,44
42,45
42,46
42,52
42,56
42,59
42,60
42,63
42,65
42,73
42,76
42,78
42,83
42,84
42,85
42,91
42,95
42,97
42,98
43,11
43,13
43,17
43,19
43,21
43,24
43,28
43,30
43,33
43,36
43,38
43,42
43,47
43,51
43,59
43,62
43,63
43,67
43,69
43,73
43,80
43,81
43,82
43,85
43,91
43,92
43,93
44,2
44,4
44,18
44,21
44,25
44,27
44,29
44,31
44,33
44,41
44,42
44,52
44,54
44,57
44,61
44,67
44,68
44,70
44,71
44,75
44,77
44,78
44,79
44,87
44,91
44,92
44,94
44,95
44,96
45,3
45,5
45,7
45,8
45,10
45,11
45,15
45,23
45,25
45,26
45,33
45,34
45,41
45,45
45,48
45,49
45,52
45,55
45,57
45,58
45,66
45,69
45,70
45,72
45,73
45,74
45,82
45,83
45,90
45,93
45,97
45,99
45,100
46,2
46,4
46,13
46,14
46,17
46,27
46,29
46,33
46,36
46,38
46,40
46,51
46,53
46,55
46,56
46,58
46,59
46,67
46,69
46,70
46,74
46,77
46,78
46,86
46,88
46,94
46,98
46,99
47,5
47,8
47,11
47,13
47,21
47,22
47,28
47,37
47,40
47,45
47,47
47,50
47,57
47,61
47,62
47,64
47,68
47,71
47,74
47,76
47,77
47,80
47,83
47,87
47,88
47,89
47,92
47,95
47,97
47,99
47,100
48,1
48,4
48,13
48,16
48,19
48,21
48,23
48,24
48,30
48,35
48,38
48,41
48,45
48,46
48,49
48,51
48,54
48,56
48,57
48,58
48,72
48,78
48,79
48,80
48,82
48,84
48,85
48,87
48,90
48,92
48,93
48,95
48,98
49,2
49,3
49,4
49,7
49,11
49,12
49,13
49,16
49,31
49,33
49,37
49,42
49,43
49,46
49,49
49,51
49,57
49,58
49,60
49,62
49,71
49,79
49,83
49,85
49,89
49,92
50,3
50,4
50,5
50,8
50,12
50,13
50,17
50,24
50,28
50,30
50,31
50,32
50,35
50,36
50,43
50,44
50,47
50,55
50,56
50,58
50,59
50,64
50,71
50,74
50,76
50,79
50,85
50,86
50,88
50,89
50,94
50,97
50,98
50,100
51,3
51,6
51,10
51,11
51,17
51,20
51,21
51,27
51,29
51,30
51,33
51,42
51,43
51,47
51,52
51,53
51,58
51,59
51,64
51,69
51,75
51,76
51,77
51,79
51,81
51,85
51,86
51,87
51,88
51,93
52,2
52,4
52,5
52,8
52,9
52,10
52,15
52,18
52,19
52,22
52,26
52,32
52,36
52,37
52,38
52,41
52,45
52,47
52,51
52,54
52,56
52,59
52,66
52,68
52,69
52,77
52,79
52,82
52,87
52,89
52,90
52,93
52,95
52,96
52,98
52,99
53,1
53,11
53,17
53,19
53,20
53,27
53,30
53,34
53,36
53,37
53,47
53,48
53,50
53,69
53,70
53,74
53,75
53,84
53,86
53,89
53,92
53,97
53,98
53,99
53,100
54,7
54,13
54,16
54,20
54,24
54,26
54,28
54,31
54,39
54,40
54,41
54,42
54,46
54,52
54,53
54,56
54,58
54,59
54,64
54,66
54,69
54,77
54,80
54,83
54,84
54,86
54,89
54,94
54,99
55,2
55,4
55,5
55,6
55,8
55,9
55,10
55,11
55,13
55,16
55,19
55,24
55,25
55,28
55,33
55,36
55,37
55,42
55,45
55,52
55,53
55,60
55,69
55,76
55,80
55,85
55,86
55,91
55,92
55,94
56,4
56,5
56,12
56,28
56,29
56,30
56,31
56,32
56,35
56,39
56,60
56,64
56,69
56,76
56,81
56,84
56,87
56,88
56,94
57,1
57,2
57,4
57,10
57,15
57,21
57,26
57,27
57,28
57,33
57,34
57,35
57,37
57,39
57,40
57,41
57,55
57,67
57,69
57,70
57,72
57,74
57,77
57,88
57,89
57,93
57,99
58,1
58,2
58,7
58,16
58,19
58,22
58,23
58,27
58,29
58,31
58,33
58,34
58,40
58,45
58,48
58,50
58,57
58,60
58,62
58,63
58,65
58,67
58,72
58,77
58,83
58,86
58,92
58,95
59,4
59,12
59,17
59,18
59,21
59,23
59,24
59,26
59,29
59,31
59,33
59,35
59,36
59,38
59,42
59,44
59,45
59,47
59,51
59,54
59,56
59,57
59,60
59,61
59,64
59,68
59,69
59,71
59,72
59,77
59,78
59,81
59,83
59,84
59,85
59,86
59,90
59,97
59,99
60,4
60,7
60,9
60,11
60,17
60,18
60,22
60,31
60,34
60,40
60,43
60,45
60,48
60,50
60,51
60,69
60,70
60,73
60,89
60,90
60,92
60,96
60,100
61,1
61,2
61,4
61,5
61,6
61,8
61,9
61,15
61,16
61,25
61,26
61,28
61,32
61,34
61,36
61,42
61,44
61,49
61,50
61,52
61,54
61,58
61,64
61,65
61,67
61,69
61,75
61,84
61,85
61,86
61,88
61,89
61,91
61,92
61,94
61,97
61,99
61,100
62,2
62,3
62,7
62,9
62,11
62,17
62,20
62,24
62,29
62,32
62,36
62,39
62,42
62,48
62,51
62,52
62,55
62,57
62,61
62,62
62,63
62,66
62,67
62,68
62,71
62,83
62,84
62,85
62,88
62,89
62,91
62,95
62,100
63,1
63,3
63,5
63,12
63,17
63,20
63,27
63,28
63,31
63,32
63,34
63,36
63,37
63,38
63,51
63,53
63,54
63,56
63,60
63,66
63,67
63,69
63,70
63,74
63,78
63,84
63,86
63,88
63,89
63,96
64,5
64,7
64,9
64,10
64,13
64,15
64,17
64,18
64,19
64,23
64,26
64,29
64,32
64,33
64,39
64,47
64,48
64,51
64,52
64,53
64,54
64,58
64,63
64,66
64,68
64,72
64,76
64,77
64,83
64,94
64,97
64,99
65,6
65,13
65,16
65,20
65,21
65,24
65,26
65,29
65,34
65,37
65,41
65,48
65,51
65,55
65,56
65,59
65,60
65,61
65,63
65,65
65,67
65,71
65,76
65,79
65,84
65,88
65,89
65,91
65,93
65,94
65,97
65,99
65,100
66,2
66,4
66,7
66,8
66,24
66,35
66,36
66,41
66,44
66,46
66,47
66,48
66,54
66,57
66,62
66,70
66,72
66,73
66,74
66,76
66,77
66,80
66,81
66,91
66,92
66,99
67,2
67,4
67,5
67,6
67,9
67,12
67,24
67,25
67,29
67,30
67,33
67,35
67,36
67,38
67,44
67,47
67,55
67,57
67,59
67,60
67,61
67,62
67,63
67,64
67,65
67,68
67,70
67,77
67,81
67,84
67,85
67,86
67,90
67,91
67,95
67,98
67,100
68,1
68,7
68,9
68,13
68,14
68,15
68,18
68,20
68,22
68,26
68,30
68,32
68,37
68,39
68,42
68,45
68,46
68,47
68,54
68,56
68,58
68,64
68,66
68,67
68,70
68,74
68,77
68,79
68,80
68,85
68,91
68,94
68,97
69,9
69,11
69,14
69,19
69,25
69,27
69,32
69,33
69,35
69,36
69,40
69,42
69,48
69,50
69,51
69,53
69,56
69,59
69,61
69,64
69,66
69,68
69,70
69,72
69,73
69,74
69,76
69,79
69,82
69,83
69,85
69,87
69,90
70,6
70,8
70,14
70,21
70,22
70,23
70,33
70,37
70,44
70,45
70,47
70,56
70,60
70,62
70,63
70,67
70,68
70,72
70,81
70,97
70,100
71,4
71,6
71,8
71,15
71,21
71,25
71,28
71,29
71,32
71,33
71,38
71,39
71,41
71,43
71,50
71,52
71,57
71,64
71,65
71,68
71,71
71,75
71,80
71,81
71,89
71,92
71,94
72,1
72,5
72,8
72,10
72,12
72,13
72,16
72,19
72,20
72,21
72,22
72,27
72,28
72,31
72,33
72,35
72,36
72,40
72,43
72,44
72,45
72,46
72,49
72,50
72,52
72,54
72,56
72,59
72,61
72,67
72,68
72,76
72,77
72,81
72,82
72,84
72,97
73,1
73,3
73,11
73,12
73,13
73,18
73,19
73,20
73,25
73,33
73,37
73,38
73,45
73,48
73,52
73,56
73,61
73,63
73,65
73,71
73,75
73,78
73,83
73,85
73,94
73,95
73,97
74,7
74,9
74,10
74,25
74,32
74,33
74,35
74,43
74,44
74,45
74,51
74,57
74,58
74,60
74,64
74,65
74,67
74,69
74,71
74,72
74,75
74,76
74,80
74,81
74,85
74,88
74,92
74,95
74,99
75,2
75,5
75,7
75,16
75,17
75,19
75,22
75,25
75,26
75,34
75,38
75,40
75,44
75,45
75,46
75,51
75,53
75,60
75,63
75,66
75,70
75,75
75,77
75,79
75,80
75,82
75,86
75,89
75,91
75,92
75,95
75,97
76,3
76,4
76,7
76,9
76,13
76,14
76,18
76,22
76,29
76,30
76,37
76,38
76,40
76,43
76,45
76,46
76,51
76,54
76,55
76,56
76,61
76,65
76,66
76,67
76,70
76,74
76,82
76,83
76,84
76,87
76,88
76,90
76,93
76,95
76,96
76,98
77,5
77,6
77,7
77,8
77,9
77,16
77,19
77,20
77,28
77,30
77,33
77,34
77,35
77,41
77,42
77,48
77,52
77,57
77,59
77,74
77,82
77,85
77,87
77,92
77,94
77,99
78,1
78,16
78,18
78,20
78,25
78,26
78,28
78,31
78,39
78,42
78,45
78,50
78,60
78,65
78,69
78,73
78,77
78,80
78,83
78,86
78,88
78,95
78,97
78,98
79,2
79,3
79,19
79,20
79,22
79,23
79,30
79,32
79,35
79,40
79,42
79,45
79,48
79,52
79,54
79,56
79,59
79,71
79,73
79,74
79,75
79,76
79,78
79,84
79,89
79,90
79,92
80,5
80,6
80,9
80,13
80,21
80,22
80,24
80,25
80,27
80,28
80,32
80,33
80,39
80,42
80,46
80,47
80,48
80,50
80,54
80,60
80,68
80,70
80,76
80,80
80,88
80,90
80,94
81,2
81,3
81,4
81,8
81,10
81,11
81,15
81,25
81,40
81,43
81,45
81,51
81,52
81,63
81,65
81,68
81,69
81,75
81,76
81,82
81,83
81,84
81,86
81,88
81,89
81,96
81,98
81,99
81,100
82,4
82,7
82,8
82,10
82,12
82,22
82,26
82,27
82,29
82,30
82,32
82,39
82,43
82,44
82,45
82,49
82,51
82,55
82,64
82,67
82,68
82,70
82,74
82,79
82,82
82,89
82,93
82,95
83,2
83,3
83,9
83,11
83,17
83,18
83,20
83,21
83,26
83,27
83,31
83,37
83,39
83,40
83,42
83,45
83,59
83,63
83,65
83,70
83,76
83,78
83,84
83,93
83,94
83,95
84,2
84,5
84,6
84,9
84,11
84,19
84,20
84,27
84,32
84,34
84,35
84,36
84,37
84,39
84,46
84,49
84,51
84,55
84,57
84,61
84,64
84,69
84,70
84,76
84,78
84,96
84,97
85,2
85,3
85,5
85,12
85,22
85,24
85,25
85,29
85,38
85,39
85,43
85,49
85,51
85,52
85,53
85,56
85,57
85,58
85,61
85,64
85,67
85,68
85,71
85,74
85,75
85,76
85,79
85,85
85,86
85,88
85,90
85,92
85,95
86,7
86,8
86,9
86,12
86,13
86,18
86,21
86,27
86,28
86,30
86,31
86,32
86,34
86,36
86,39
86,43
86,45
86,46
86,48
86,49
86,55
86,57
86,60
86,61
86,63
86,66
86,80
86,81
86,82
86,84
86,85
86,86
86,89
86,94
86,97
86,100
87,4
87,11
87,18
87,21
87,23
87,25
87,28
87,34
87,35
87,36
87,40
87,41
87,42
87,43
87,48
87,49
87,52
87,53
87,54
87,59
87,60
87,68
87,72
87,74
87,77
87,78
87,79
87,83
87,89
87,98
88,1
88,6
88,10
88,12
88,14
88,15
88,19
88,22
88,26
88,27
88,30
88,31
88,37
88,46
88,51
88,58
88,59
88,64
88,67
88,68
88,70
88,78
88,83
88,85
88,90
88,94
88,95
88,96
88,97
88,99
88,100
89,2
89,3
89,5
89,7
89,11
89,12
89,17
89,18
89,20
89,21
89,27
89,28
89,48
89,49
89,56
89,60
89,73
89,75
89,77
89,79
89,80
89,81
89,83
89,87
89,89
89,92
89,99
90,3
90,4
90,8
90,12
90,13
90,18
90,19
90,22
90,29
90,30
90,34
90,35
90,41
90,43
90,44
90,47
90,48
90,54
90,57
90,59
90,68
90,69
90,73
90,75
90,77
90,78
90,79
90,84
90,85
90,90
90,99
91,3
91,6
91,7
91,19
91,21
91,22
91,27
91,35
91,36
91,41
91,47
91,48
91,55
91,64
91,66
91,68
91,75
91,77
91,79
91,86
91,87
91,91
91,92
91,95
91,100
92,4
92,10
92,11
92,16
92,18
92,19
92,22
92,23
92,28
92,33
92,36
92,37
92,39
92,40
92,41
92,42
92,45
92,46
92,56
92,63
92,72
92,74
92,75
92,79
92,81
92,86
92,89
92,90
92,91
92,93
92,97
92,99
93,3
93,7
93,9
93,12
93,14
93,15
93,18
93,19
93,26
93,31
93,35
93,36
93,38
93,43
93,44
93,49
93,53
93,58
93,59
93,66
93,69
93,70
93,78
93,82
93,83
93,85
93,90
93,91
93,92
93,98
93,99
93,100
94,3
94,4
94,11
94,12
94,14
94,15
94,16
94,19
94,21
94,26
94,27
94,34
94,37
94,46
94,48
94,50
94,51
94,60
94,61
94,66
94,67
94,69
94,70
94,89
94,96
94,99
95,1
95,9
95,11
95,12
95,15
95,16
95,17
95,22
95,26
95,36
95,37
95,38
95,43
95,49
95,50
95,51
95,52
95,55
95,66
95,67
95,71
95,73
95,79
95,81
95,86
95,87
95,89
95,91
95,100
96,2
96,5
96,7
96,9
96,13
96,14
96,16
96,25
96,26
96,30
96,31
96,32
96,33
96,36
96,39
96,42
96,48
96,49
96,50
96,52
96,59
96,67
96,71
96,76
96,77
96,78
96,80
96,81
96,83
96,85
96,86
96,88
96,89
96,91
96,92
96,93
96,94
96,100
97,1
97,12
97,16
97,18
97,19
97,21
97,28
97,29
97,30
97,33
97,46
97,48
97,50
97,57
97,59
97,60
97,62
97,63
97,67
97,68
97,69
97,70
97,72
97,73
97,77
97,79
97,94
97,98
98,10
98,12
98,16
98,17
98,25
98,26
98,27
98,28
98,32
98,35
98,38
98,47
98,50
98,52
98,53
98,54
98,57
98,59
98,60
98,61
98,64
98,65
98,69
98,72
98,91
98,97
98,98
98,99
99,10
99,17
99,29
99,32
99,33
99,36
99,40
99,44
99,46
99,51
99,52
99,54
99,55
99,64
99,70
99,73
99,75
99,76
99,82
99,86
99,92
99,94
99,97
100,7
100,11
100,19
100,22
100,23
100,27
100,29
100,30
100,34
100,36
100,41
100,53
100,55
100,56
100,62
100,67
100,69
100,70
100,74
100,84
100,87
100,89
100,90
100,94
100,96
100,97
100,98

