12102
1,6
1,9
1,11
1,13
1,14
1,20
1,24
1,26
1,29
1,34
1,35
1,38
1,40
1,45
1,47
1,48
1,50
1,52
1,53
1,60
1,65
1,66
1,69
1,70
1,74
1,78
1,80
1,86
1,95
1,102
1,103
1,110
1,116
1,120
1,127
1,128
1,142
1,143
1,145
1,150
1,151
1,152
1,154
1,155
1,161
1,163
1,167
1,171
1,172
1,177
1,179
1,180
1,185
1,187
1,188
1,195
1,196
1,199
2,7
2,8
2,11
2,12
2,14
2,25
2,27
2,31
2,32
2,35
2,42
2,47
2,49
2,52
2,53
2,56
2,59
2,60
2,61
2,62
2,64
2,68
2,69
2,73
2,75
2,78
2,79
2,81
2,84
2,86
2,93
2,94
2,95
2,96
2,104
2,109
2,110
2,126
2,135
2,138
2,142
2,144
2,145
2,151
2,153
2,155
2,156
2,158
2,163
2,166
2,168
2,169
2,170
2,172
2,175
2,179
2,182
2,183
2,192
2,194
2,195
2,199
3,14
3,16
3,20
3,21
3,23
3,26
3,32
3,36
3,37
3,39
3,45
3,46
3,47
3,48
3,51
3,56
3,58
3,61
3,66
3,67
3,68
3,73
3,74
3,80
3,81
3,82
3,84
3,87
3,99
3,101
3,102
3,105
3,108
3,109
3,110
3,112
3,113
3,115
3,117
3,122
3,135
3,140
3,141
3,143
3,144
3,151
3,154
3,156
3,157
3,162
3,163
3,164
3,166
3,169
3,173
3,174
3,175
3,180
3,182
3,194
3,195
4,1
4,3
4,4
4,6
4,12
4,19
4,20
4,24
4,28
4,29
4,30
4,32
4,38
4,39
4,40
4,44
4,45
4,50
4,56
4,57
4,63
4,65
4,67
4,71
4,74
4,82
4,84
4,86
4,87
4,88
4,91
4,99
4,110
4,111
4,114
4,115
4,116
4,118
4,123
4,124
4,132
4,133
4,145
4,148
4,149
4,152
4,153
4,156
4,158
4,165
4,167
4,170
4,182
4,183
4,184
4,185
4,189
4,190
4,196
5,2
5,7
5,9
5,10
5,12
5,15
5,19
5,22
5,23
5,24
5,26
5,27
5,30
5,31
5,35
5,39
5,41
5,42
5,44
5,51
5,57
5,58
5,64
5,67
5,70
5,72
5,73
5,75
5,79
5,82
5,83
5,85
5,86
5,91
5,94
5,99
5,104
5,107
5,112
5,119
5,121
5,126
5,130
5,133
5,135
5,136
5,137
5,139
5,144
5,145
5,147
5,148
5,150
5,151
5,164
5,166
5,176
5,179
5,182
5,187
5,192
5,193
5,196
5,198
5,199
6,1
6,2
6,3
6,5
6,8
6,9
6,14
6,15
6,16
6,23
6,28
6,32
6,35
6,37
6,41
6,43
6,44
6,48
6,54
6,55
6,57
6,69
6,71
6,72
6,79
6,80
6,85
6,86
6,98
6,99
6,101
6,103
6,104
6,112
6,115
6,117
6,118
6,120
6,127
6,132
6,133
6,138
6,139
6,143
6,144
6,147
6,149
6,150
6,151
6,159
6,160
6,162
6,176
6,187
6,188
6,189
6,191
6,192
6,199
7,2
7,8
7,11
7,13
7,15
7,16
7,17
7,27
7,32
7,33
7,34
7,35
7,36
7,37
7,38
7,41
7,42
7,49
7,51
7,52
7,56
7,59
7,61
7,64
7,68
7,71
7,73
7,74
7,79
7,81
7,83
7,85
7,91
7,100
7,101
7,106
7,107
7,110
7,118
7,122
7,123
7,125
7,126
7,129
7,137
7,139
7,140
7,143
7,147
7,148
7,149
7,154
7,155
7,156
7,157
7,160
7,161
7,165
7,169
7,170
7,172
7,174
7,177
7,183
7,185
7,186
7,187
7,188
7,196
8,1
8,7
8,12
8,18
8,19
8,25
8,28
8,29
8,30
8,34
8,55
8,58
8,61
8,62
8,64
8,69
8,70
8,72
8,73
8,74
8,80
8,84
8,91
8,93
8,95
8,96
8,99
8,103
8,105
8,110
8,113
8,117
8,118
8,123
8,125
8,129
8,130
8,131
8,132
8,133
8,136
8,139
8,141
8,144
8,147
8,148
8,150
8,151
8,153
8,155
8,161
8,163
8,164
8,167
8,173
8,175
8,183
8,187
8,189
8,190
8,200
9,2
9,5
9,6
9,10
9,13
9,17
9,18
9,23
9,28
9,33
9,36
9,39
9,43
9,44
9,45
9,57
9,59
9,61
9,65
9,69
9,70
9,72
9,75
9,77
9,83
9,87
9,91
9,97
9,98
9,101
9,102
9,107
9,109
9,111
9,115
9,117
9,118
9,120
9,122
9,123
9,126
9,131
9,136
9,138
9,141
9,148
9,150
9,153
9,156
9,157
9,159
9,165
9,168
9,169
9,170
9,171
9,174
9,175
9,177
9,179
9,190
9,194
9,197
9,198
10,1
10,2
10,3
10,5
10,6
10,11
10,17
10,18
10,21
10,23
10,26
10,27
10,37
10,40
10,43
10,45
10,49
10,51
10,57
10,58
10,62
10,63
10,68
10,70
10,74
10,76
10,77
10,79
10,80
10,87
10,88
10,89
10,95
10,96
10,101
10,105
10,106
10,109
10,111
10,112
10,120
10,122
10,123
10,124
10,125
10,126
10,142
10,150
10,151
10,155
10,156
10,163
10,168
10,170
10,171
10,172
10,174
10,176
10,177
10,178
10,179
10,195
10,197
10,200
11,1
11,4
11,10
11,11
11,14
11,16
11,17
11,22
11,27
11,30
11,43
11,44
11,47
11,53
11,56
11,64
11,66
11,67
11,68
11,74
11,75
11,76
11,77
11,82
11,84
11,86
11,88
11,95
11,98
11,99
11,103
11,104
11,109
11,110
11,116
11,122
11,123
11,135
11,137
11,142
11,143
11,145
11,148
11,151
11,154
11,157
11,161
11,166
11,167
11,170
11,174
11,178
11,180
11,181
11,184
11,185
11,186
11,187
11,188
11,191
11,193
12,3
12,6
12,7
12,10
12,11
12,16
12,20
12,22
12,26
12,27
12,36
12,38
12,39
12,42
12,43
12,50
12,51
12,53
12,54
12,57
12,62
12,64
12,66
12,76
12,79
12,84
12,85
12,93
12,96
12,98
12,99
12,102
12,104
12,106
12,108
12,111
12,116
12,117
12,118
12,125
12,126
12,129
12,130
12,134
12,138
12,141
12,148
12,150
12,152
12,156
12,158
12,163
12,165
12,167
12,170
12,172
12,176
12,178
12,180
12,183
12,184
12,187
12,193
12,195
12,196
12,197
12,198
13,3
13,5
13,6
13,8
13,9
13,11
13,12
13,14
13,15
13,19
13,23
13,24
13,29
13,30
13,31
13,41
13,44
13,45
13,48
13,49
13,51
13,52
13,55
13,56
13,60
13,61
13,64
13,65
13,67
13,68
13,71
13,72
13,73
13,75
13,76
13,79
13,88
13,92
13,95
13,96
13,98
13,99
13,100
13,105
13,106
13,107
13,109
13,116
13,122
13,125
13,128
13,131
13,132
13,134
13,135
13,141
13,142
13,143
13,144
13,150
13,152
13,155
13,156
13,157
13,159
13,161
13,162
13,165
13,166
13,170
13,174
13,175
13,177
13,179
13,182
13,184
13,188
13,189
13,194
13,197
13,198
14,4
14,6
14,9
14,10
14,20
14,24
14,27
14,29
14,32
14,34
14,44
14,50
14,53
14,54
14,55
14,60
14,64
14,66
14,67
14,68
14,72
14,75
14,80
14,83
14,85
14,90
14,92
14,104
14,111
14,112
14,114
14,115
14,120
14,121
14,127
14,131
14,133
14,139
14,141
14,144
14,149
14,150
14,151
14,153
14,157
14,160
14,162
14,164
14,165
14,173
14,178
14,180
14,185
14,190
14,191
14,196
14,199
15,1
15,6
15,7
15,8
15,10
15,19
15,21
15,22
15,25
15,31
15,38
15,56
15,57
15,61
15,63
15,79
15,80
15,85
15,86
15,88
15,89
15,90
15,93
15,97
15,98
15,103
15,107
15,117
15,118
15,121
15,124
15,125
15,126
15,130
15,131
15,132
15,147
15,149
15,150
15,152
15,163
15,170
15,172
15,173
15,174
15,177
15,181
15,182
15,187
15,189
15,190
15,192
15,194
15,198
16,5
16,7
16,10
16,21
16,26
16,33
16,36
16,39
16,43
16,49
16,54
16,56
16,67
16,77
16,80
16,82
16,89
16,90
16,97
16,101
16,102
16,105
16,107
16,108
16,109
16,110
16,112
16,115
16,125
16,128
16,130
16,135
16,137
16,144
16,146
16,154
16,158
16,163
16,170
16,173
16,174
16,179
16,180
16,182
16,184
16,192
16,193
16,200
17,5
17,9
17,11
17,16
17,19
17,20
17,21
17,22
17,24
17,26
17,27
17,28
17,33
17,42
17,44
17,46
17,54
17,55
17,56
17,58
17,59
17,61
17,66
17,67
17,68
17,73
17,77
17,83
17,84
17,87
17,90
17,96
17,100
17,103
17,111
17,112
17,114
17,116
17,125
17,128
17,130
17,134
17,135
17,136
17,140
17,141
17,143
17,148
17,153
17,155
17,156
17,157
17,158
17,159
17,160
17,163
17,166
17,169
17,170
17,174
17,176
17,177
17,179
17,181
17,182
17,184
17,186
17,189
17,192
17,194
17,198
18,2
18,6
18,9
18,12
18,17
18,19
18,20
18,24
18,25
18,26
18,34
18,35
18,39
18,41
18,45
18,47
18,51
18,61
18,64
18,66
18,67
18,68
18,69
18,72
18,73
18,74
18,77
18,80
18,90
18,91
18,94
18,97
18,99
18,103
18,105
18,111
18,114
18,116
18,118
18,119
18,123
18,124
18,127
18,128
18,129
18,135
18,136
18,139
18,141
18,153
18,154
18,161
18,164
18,165
18,167
18,170
18,171
18,173
18,176
18,177
18,179
18,181
18,185
18,187
18,193
18,195
18,197
19,4
19,6
19,7
19,8
19,9
19,10
19,11
19,12
19,15
19,20
19,21
19,25
19,26
19,33
19,34
19,35
19,42
19,45
19,47
19,50
19,52
19,53
19,55
19,56
19,58
19,59
19,63
19,66
19,68
19,69
19,70
19,74
19,75
19,78
19,79
19,83
19,85
19,93
19,98
19,100
19,104
19,105
19,106
19,111
19,117
19,119
19,122
19,123
19,126
19,129
19,133
19,139
19,140
19,145
19,149
19,151
19,155
19,156
19,160
19,165
19,167
19,173
19,175
19,176
19,182
19,183
19,187
19,189
19,192
20,11
20,12
20,13
20,16
20,21
20,29
20,32
20,34
20,35
20,36
20,37
20,40
20,41
20,53
20,55
20,58
20,62
20,70
20,75
20,77
20,80
20,84
20,91
20,92
20,95
20,97
20,101
20,102
20,104
20,112
20,116
20,122
20,124
20,129
20,130
20,137
20,140
20,141
20,145
20,147
20,149
20,152
20,154
20,161
20,164
20,165
20,166
20,169
20,170
20,171
20,173
20,176
20,181
20,182
20,187
20,191
20,193
20,194
20,196
20,200
21,1
21,2
21,6
21,9
21,11
21,15
21,16
21,20
21,23
21,25
21,30
21,32
21,36
21,39
21,42
21,45
21,46
21,47
21,49
21,51
21,55
21,56
21,57
21,65
21,69
21,72
21,73
21,78
21,79
21,90
21,93
21,96
21,98
21,101
21,105
21,110
21,115
21,117
21,123
21,125
21,126
21,128
21,130
21,131
21,135
21,138
21,141
21,151
21,152
21,159
21,161
21,163
21,165
21,167
21,169
21,185
21,187
21,188
21,189
21,193
21,195
21,198
21,199
22,3
22,5
22,11
22,14
22,16
22,17
22,30
22,34
22,41
22,43
22,47
22,52
22,54
22,55
22,57
22,60
22,61
22,62
22,65
22,66
22,67
22,75
22,79
22,81
22,83
22,89
22,90
22,91
22,92
22,102
22,103
22,104
22,118
22,125
22,129
22,132
22,143
22,149
22,157
22,168
22,169
22,171
22,177
22,181
22,184
22,188
22,189
22,191
22,192
22,194
22,195
22,197
22,199
23,1
23,4
23,5
23,9
23,11
23,13
23,15
23,22
23,25
23,34
23,35
23,39
23,45
23,48
23,51
23,52
23,57
23,60
23,61
23,63
23,64
23,66
23,67
23,68
23,69
23,70
23,71
23,75
23,81
23,82
23,83
23,89
23,91
23,98
23,102
23,104
23,110
23,111
23,113
23,115
23,117
23,120
23,121
23,124
23,125
23,129
23,133
23,136
23,147
23,153
23,159
23,163
23,166
23,168
23,171
23,174
23,177
23,184
23,187
23,191
23,192
23,194
23,196
24,13
24,16
24,19
24,23
24,28
24,35
24,37
24,39
24,46
24,50
24,56
24,57
24,58
24,59
24,62
24,64
24,66
24,69
24,71
24,80
24,81
24,85
24,87
24,89
24,90
24,97
24,99
24,105
24,106
24,108
24,109
24,112
24,113
24,115
24,121
24,122
24,128
24,130
24,133
24,134
24,137
24,138
24,141
24,147
24,154
24,167
24,168
24,169
24,174
24,178
24,179
24,186
25,5
25,9
25,12
25,15
25,16
25,17
25,21
25,25
25,33
25,35
25,37
25,39
25,48
25,49
25,53
25,57
25,58
25,61
25,65
25,66
25,69
25,75
25,76
25,83
25,85
25,91
25,95
25,96
25,105
25,106
25,111
25,115
25,117
25,120
25,124
25,130
25,132
25,133
25,135
25,138
25,145
25,150
25,151
25,153
25,155
25,157
25,166
25,169
25,171
25,172
25,174
25,177
25,180
25,184
25,186
25,187
25,188
25,191
25,194
25,196
25,198
26,10
26,12
26,13
26,14
26,16
26,18
26,23
26,24
26,25
26,28
26,33
26,34
26,38
26,39
26,41
26,42
26,46
26,49
26,52
26,60
26,67
26,71
26,75
26,76
26,77
26,78
26,79
26,80
26,81
26,91
26,92
26,98
26,100
26,101
26,104
26,109
26,110
26,114
26,122
26,123
26,127
26,129
26,130
26,133
26,135
26,140
26,141
26,145
26,146
26,147
26,151
26,153
26,154
26,162
26,166
26,168
26,170
26,173
26,175
26,177
26,181
26,182
26,187
26,190
26,193
26,199
26,200
27,2
27,10
27,14
27,17
27,19
27,24
27,25
27,29
27,41
27,44
27,46
27,50
27,54
27,55
27,62
27,67
27,71
27,75
27,76
27,77
27,82
27,86
27,88
27,92
27,98
27,101
27,103
27,109
27,124
27,126
27,127
27,128
27,130
27,132
27,134
27,136
27,137
27,139
27,141
27,142
27,144
27,146
27,148
27,150
27,154
27,156
27,159
27,171
27,172
27,174
27,177
27,184
27,188
27,189
27,191
27,193
27,194
27,197
27,198
28,2
28,8
28,10
28,11
28,12
28,13
28,17
28,18
28,19
28,23
28,24
28,29
28,36
28,37
28,38
28,52
28,58
28,60
28,61
28,62
28,76
28,81
28,86
28,87
28,92
28,93
28,100
28,105
28,107
28,108
28,111
28,113
28,116
28,118
28,120
28,126
28,128
28,129
28,131
28,132
28,133
28,134
28,137
28,139
28,142
28,146
28,150
28,152
28,153
28,155
28,161
28,163
28,164
28,165
28,168
28,169
28,174
28,175
28,178
28,186
28,187
28,191
28,196
29,1
29,4
29,8
29,14
29,18
29,21
29,22
29,23
29,24
29,25
29,27
29,30
29,35
29,37
29,39
29,44
29,48
29,50
29,53
29,57
29,65
29,66
29,67
29,73
29,74
29,77
29,79
29,80
29,81
29,83
29,84
29,88
29,90
29,91
29,93
29,98
29,99
29,101
29,102
29,104
29,105
29,106
29,111
29,112
29,114
29,118
29,119
29,123
29,126
29,129
29,133
29,134
29,135
29,137
29,138
29,148
29,150
29,159
29,164
29,170
29,171
29,177
29,179
29,185
29,188
29,190
29,194
29,200
30,6
30,13
30,17
30,23
30,24
30,34
30,35
30,37
30,40
30,41
30,42
30,43
30,46
30,49
30,51
30,56
30,57
30,59
30,65
30,66
30,69
30,75
30,78
30,82
30,85
30,86
30,87
30,90
30,94
30,97
30,99
30,100
30,104
30,109
30,111
30,114
30,117
30,121
30,130
30,131
30,133
30,138
30,143
30,158
30,165
30,167
30,169
30,171
30,172
30,180
30,186
30,189
30,195
31,4
31,6
31,8
31,17
31,27
31,28
31,29
31,32
31,34
31,36
31,40
31,42
31,52
31,54
31,57
31,58
31,60
31,63
31,67
31,75
31,76
31,81
31,86
31,87
31,89
31,90
31,92
31,96
31,99
31,102
31,104
31,108
31,111
31,112
31,113
31,119
31,123
31,124
31,131
31,133
31,135
31,137
31,139
31,142
31,153
31,162
31,165
31,166
31,167
31,168
31,175
31,176
31,180
31,183
31,185
31,187
31,191
31,195
31,200
32,1
32,4
32,8
32,9
32,12
32,13
32,15
32,20
32,24
32,27
32,43
32,47
32,49
32,51
32,55
32,58
32,61
32,63
32,64
32,66
32,67
32,74
32,81
32,83
32,84
32,89
32,90
32,92
32,94
32,99
32,108
32,109
32,110
32,113
32,115
32,117
32,118
32,120
32,123
32,124
32,135
32,136
32,137
32,139
32,141
32,143
32,149
32,152
32,153
32,154
32,166
32,172
32,173
32,177
32,179
32,182
32,189
32,192
32,196
32,198
32,199
33,7
33,12
33,16
33,17
33,19
33,21
33,23
33,24
33,26
33,28
33,29
33,33
33,34
33,35
33,42
33,46
33,51
33,52
33,57
33,58
33,62
33,66
33,67
33,71
33,74
33,75
33,77
33,81
33,83
33,84
33,87
33,94
33,96
33,97
33,100
33,107
33,112
33,116
33,132
33,137
33,143
33,145
33,152
33,154
33,156
33,157
33,161
33,163
33,175
33,180
33,181
33,183
33,189
33,190
33,193
33,194
33,195
33,196
34,1
34,3
34,8
34,9
34,15
34,16
34,23
34,24
34,26
34,29
34,32
34,33
34,34
34,35
34,38
34,43
34,47
34,49
34,53
34,60
34,62
34,67
34,74
34,75
34,77
34,78
34,81
34,88
34,90
34,94
34,97
34,103
34,104
34,106
34,109
34,110
34,111
34,113
34,115
34,117
34,120
34,125
34,132
34,134
34,135
34,141
34,142
34,148
34,149
34,151
34,154
34,158
34,162
34,163
34,167
34,168
34,169
34,170
34,171
34,174
34,175
34,178
34,179
34,180
34,181
34,185
34,187
34,192
34,193
34,196
34,197
35,2
35,8
35,21
35,24
35,25
35,31
35,32
35,34
35,36
35,42
35,45
35,49
35,57
35,61
35,62
35,68
35,69
35,70
35,72
35,76
35,79
35,82
35,84
35,86
35,87
35,88
35,89
35,93
35,103
35,108
35,111
35,112
35,118
35,121
35,122
35,123
35,124
35,128
35,131
35,132
35,133
35,139
35,140
35,145
35,147
35,152
35,154
35,162
35,164
35,167
35,168
35,171
35,173
35,175
35,176
35,182
35,183
35,185
35,187
35,190
35,191
35,200
36,5
36,8
36,11
36,17
36,18
36,25
36,33
36,43
36,45
36,46
36,52
36,57
36,59
36,60
36,62
36,64
36,66
36,81
36,89
36,97
36,99
36,101
36,102
36,107
36,108
36,114
36,120
36,140
36,146
36,147
36,150
36,153
36,154
36,160
36,165
36,167
36,168
36,172
36,173
36,175
36,177
36,190
36,191
36,192
36,194
36,196
36,197
36,200
37,4
37,6
37,7
37,15
37,16
37,18
37,22
37,23
37,24
37,26
37,27
37,32
37,33
37,36
37,37
37,38
37,39
37,44
37,46
37,49
37,50
37,54
37,55
37,57
37,59
37,60
37,64
37,73
37,74
37,75
37,76
37,77
37,78
37,80
37,83
37,85
37,86
37,88
37,89
37,92
37,100
37,106
37,108
37,113
37,119
37,120
37,124
37,126
37,132
37,134
37,135
37,136
37,138
37,141
37,144
37,147
37,158
37,159
37,161
37,163
37,168
37,174
37,175
37,176
37,177
37,186
37,188
37,189
37,190
37,193
37,198
38,1
38,2
38,7
38,10
38,11
38,17
38,26
38,28
38,29
38,31
38,37
38,40
38,47
38,48
38,51
38,52
38,53
38,60
38,61
38,65
38,69
38,70
38,85
38,87
38,89
38,100
38,101
38,103
38,107
38,109
38,112
38,122
38,123
38,133
38,138
38,139
38,142
38,146
38,149
38,150
38,155
38,156
38,157
38,158
38,160
38,161
38,166
38,168
38,170
38,172
38,174
38,180
38,181
38,182
38,184
38,192
38,193
38,195
38,198
38,200
39,1
39,5
39,8
39,15
39,16
39,17
39,19
39,23
39,25
39,26
39,27
39,28
39,33
39,34
39,35
39,37
39,41
39,45
39,47
39,54
39,56
39,58
39,61
39,71
39,72
39,74
39,77
39,85
39,93
39,95
39,98
39,99
39,105
39,111
39,115
39,118
39,123
39,126
39,132
39,138
39,139
39,140
39,142
39,144
39,150
39,151
39,153
39,158
39,159
39,164
39,165
39,173
39,176
39,177
39,182
39,183
39,186
39,187
39,189
39,192
39,193
39,196
39,197
39,199
39,200
40,1
40,2
40,4
40,14
40,23
40,28
40,30
40,31
40,33
40,36
40,37
40,42
40,44
40,49
40,56
40,57
40,58
40,59
40,62
40,63
40,64
40,68
40,70
40,73
40,74
40,77
40,83
40,88
40,92
40,100
40,106
40,112
40,115
40,116
40,118
40,120
40,121
40,123
40,125
40,126
40,127
40,129
40,133
40,139
40,147
40,148
40,150
40,159
40,163
40,164
40,165
40,167
40,169
40,176
40,178
40,179
40,184
40,186
40,188
40,189
40,193
40,194
41,2
41,3
41,6
41,14
41,17
41,18
41,21
41,22
41,24
41,26
41,27
41,31
41,38
41,39
41,41
41,43
41,46
41,52
41,53
41,59
41,61
41,68
41,71
41,72
41,73
41,74
41,75
41,88
41,92
41,95
41,99
41,110
41,112
41,116
41,118
41,120
41,121
41,127
41,129
41,130
41,134
41,135
41,139
41,143
41,149
41,154
41,156
41,157
41,159
41,167
41,169
41,171
41,172
41,175
41,178
41,179
41,182
41,187
41,188
41,198
42,1
42,3
42,6
42,9
42,10
42,23
42,29
42,32
42,38
42,40
42,42
42,44
42,45
42,48
42,51
42,52
42,53
42,56
42,58
42,66
42,69
42,84
42,87
42,91
42,105
42,110
42,111
42,112
42,118
42,132
42,133
42,135
42,143
42,147
42,150
42,156
42,157
42,163
42,167
42,170
42,171
42,173
42,177
42,179
42,183
42,186
42,188
42,190
42,196
42,198
42,199
42,200
43,2
43,3
43,4
43,5
43,10
43,11
43,14
43,16
43,21
43,25
43,28
43,30
43,32
43,38
43,39
43,45
43,48
43,49
43,52
43,53
43,60
43,64
43,79
43,80
43,85
43,89
43,90
43,91
43,92
43,94
43,98
43,99
43,103
43,104
43,105
43,110
43,111
43,112
43,114
43,116
43,118
43,121
43,127
43,129
43,132
43,139
43,140
43,147
43,149
43,150
43,151
43,152
43,153
43,160
43,161
43,172
43,176
43,179
43,183
43,185
43,186
43,196
43,199
43,200
44,4
44,11
44,16
44,20
44,29
44,34
44,35
44,36
44,38
44,40
44,49
44,52
44,58
44,65
44,66
44,72
44,74
44,75
44,76
44,77
44,78
44,80
44,85
44,88
44,90
44,93
44,97
44,100
44,101
44,102
44,103
44,104
44,105
44,108
44,112
44,114
44,115
44,117
44,122
44,123
44,130
44,131
44,134
44,135
44,136
44,137
44,150
44,151
44,152
44,161
44,165
44,170
44,172
44,177
44,178
44,179
44,183
44,184
44,186
44,188
44,189
45,2
45,3
45,5
45,7
45,16
45,17
45,18
45,19
45,21
45,24
45,26
45,27
45,28
45,31
45,32
45,35
45,38
45,48
45,49
45,54
45,61
45,68
45,75
45,76
45,80
45,81
45,83
45,88
45,90
45,100
45,103
45,104
45,106
45,108
45,111
45,112
45,118
45,130
45,139
45,140
45,145
45,148
45,151
45,153
45,154
45,155
45,162
45,165
45,171
45,174
45,179
45,182
45,184
45,192
45,193
45,197
45,199
46,3
46,7
46,17
46,18
46,20
46,21
46,24
46,26
46,33
46,35
46,36
46,37
46,38
46,40
46,41
46,42
46,43
46,44
46,46
46,48
46,52
46,53
46,55
46,58
46,59
46,61
46,62
46,71
46,72
46,78
46,79
46,82
46,86
46,87
46,89
46,92
46,96
46,106
46,111
46,119
46,121
46,124
46,128
46,129
46,134
46,137
46,139
46,140
46,144
46,150
46,154
46,161
46,165
46,167
46,172
46,178
46,179
46,182
46,184
46,185
46,189
46,195
46,198
46,200
47,1
47,12
47,13
47,16
47,18
47,21
47,25
47,26
47,29
47,37
47,40
47,43
47,51
47,63
47,65
47,75
47,80
47,81
47,83
47,87
47,96
47,97
47,100
47,103
47,114
47,115
47,121
47,124
47,125
47,128
47,130
47,133
47,135
47,137
47,138
47,139
47,141
47,148
47,150
47,151
47,154
47,157
47,161
47,167
47,172
47,173
47,174
47,187
47,189
47,190
48,6
48,18
48,33
48,35
48,36
48,38
48,43
48,47
48,48
48,49
48,53
48,54
48,58
48,62
48,72
48,74
48,77
48,79
48,81
48,88
48,93
48,96
48,103
48,106
48,107
48,115
48,123
48,128
48,136
48,138
48,139
48,142
48,146
48,147
48,148
48,155
48,159
48,174
48,175
48,176
48,177
48,178
48,188
48,196
48,200
49,2
49,4
49,7
49,13
49,19
49,22
49,24
49,26
49,28
49,29
49,30
49,33
49,34
49,36
49,42
49,44
49,48
49,51
49,55
49,57
49,59
49,60
49,61
49,62
49,67
49,69
49,75
49,76
49,88
49,90
49,94
49,95
49,98
49,107
49,109
49,117
49,118
49,120
49,126
49,128
49,130
49,132
49,141
49,144
49,150
49,153
49,160
49,164
49,165
49,180
49,181
49,183
49,194
49,195
49,196
49,198
49,199
50,4
50,9
50,13
50,21
50,31
50,33
50,34
50,37
50,38
50,40
50,44
50,51
50,69
50,70
50,71
50,73
50,77
50,78
50,82
50,84
50,87
50,90
50,93
50,95
50,98
50,100
50,106
50,109
50,113
50,119
50,126
50,139
50,142
50,145
50,147
50,149
50,158
50,160
50,161
50,166
50,167
50,168
50,169
50,178
50,181
50,182
50,183
50,190
50,192
50,197
50,198
51,2
51,3
51,6
51,11
51,14
51,20
51,22
51,28
51,33
51,43
51,44
51,45
51,54
51,56
51,58
51,63
51,66
51,67
51,68
51,70
51,71
51,72
51,74
51,78
51,79
51,83
51,84
51,87
51,88
51,90
51,97
51,100
51,101
51,105
51,106
51,117
51,118
51,120
51,124
51,129
51,131
51,132
51,133
51,138
51,142
51,143
51,147
51,149
51,151
51,153
51,154
51,156
51,157
51,159
51,171
51,173
51,174
51,182
51,185
51,189
51,192
52,5
52,8
52,10
52,21
52,23
52,29
52,32
52,37
52,39
52,42
52,50
52,55
52,56
52,57
52,58
52,60
52,63
52,67
52,68
52,71
52,74
52,75
52,76
52,79
52,80
52,91
52,93
52,102
52,104
52,106
52,107
52,110
52,118
52,119
52,121
52,125
52,129
52,130
52,132
52,133
52,138
52,146
52,150
52,151
52,152
52,158
52,165
52,166
52,167
52,168
52,169
52,173
52,175
52,181
52,184
52,185
52,188
52,190
52,196
52,197
52,198
52,200
53,3
53,7
53,8
53,10
53,16
53,20
53,23
53,28
53,31
53,32
53,40
53,42
53,47
53,50
53,58
53,61
53,63
53,76
53,87
53,93
53,94
53,114
53,117
53,119
53,122
53,125
53,127
53,128
53,129
53,133
53,134
53,136
53,137
53,138
53,140
53,141
53,143
53,145
53,146
53,149
53,151
53,154
53,169
53,170
53,171
53,177
53,180
53,181
53,183
53,187
53,193
53,197
53,198
54,2
54,8
54,20
54,23
54,29
54,31
54,36
54,39
54,40
54,41
54,50
54,52
54,54
54,58
54,65
54,67
54,68
54,72
54,74
54,75
54,76
54,81
54,83
54,88
54,90
54,95
54,97
54,100
54,104
54,107
54,111
54,112
54,116
54,118
54,120
54,123
54,126
54,127
54,130
54,131
54,132
54,145
54,146
54,147
54,152
54,158
54,159
54,161
54,164
54,167
54,170
54,171
54,172
54,175
54,179
54,185
54,186
54,191
54,192
54,194
54,195
54,196
54,200
55,6
55,7
55,10
55,12
55,13
55,15
55,18
55,20
55,21
55,23
55,30
55,32
55,34
55,37
55,39
55,53
55,58
55,59
55,60
55,66
55,77
55,82
55,85
55,86
55,88
55,96
55,97
55,101
55,102
55,103
55,107
55,111
55,112
55,117
55,121
55,122
55,137
55,150
55,154
55,166
55,170
55,174
55,176
55,178
55,179
55,182
55,183
55,185
55,186
55,187
55,192
55,196
55,198
56,1
56,4
56,5
56,8
56,12
56,14
56,16
56,26
56,31
56,34
56,35
56,36
56,38
56,40
56,41
56,44
56,48
56,57
56,60
56,61
56,63
56,64
56,66
56,67
56,69
56,70
56,71
56,72
56,74
56,83
56,89
56,92
56,94
56,107
56,108
56,110
56,117
56,122
56,125
56,133
56,144
56,148
56,150
56,151
56,152
56,159
56,164
56,167
56,169
56,172
56,177
56,179
56,180
56,186
56,188
56,190
56,191
56,194
56,196
57,1
57,2
57,8
57,10
57,13
57,17
57,19
57,22
57,23
57,27
57,29
57,30
57,31
57,33
57,35
57,45
57,46
57,52
57,54
57,57
57,59
57,62
57,64
57,73
57,76
57,77
57,78
57,84
57,87
57,91
57,97
57,98
57,99
57,101
57,108
57,118
57,120
57,121
57,123
57,131
57,134
57,139
57,140
57,142
57,146
57,147
57,148
57,151
57,153
57,157
57,159
57,165
57,166
57,169
57,176
57,177
57,180
57,182
57,183
57,189
57,194
57,197
57,199
57,200
58,9
58,11
58,15
58,27
58,35
58,36
58,37
58,42
58,43
58,46
58,47
58,48
58,49
58,56
58,64
58,66
58,67
58,69
58,71
58,75
58,77
58,80
58,83
58,84
58,94
58,99
58,100
58,105
58,107
58,113
58,117
58,119
58,124
58,132
58,133
58,136
58,141
58,147
58,151
58,153
58,155
58,159
58,164
58,165
58,170
58,174
58,175
58,177
58,179
58,184
58,186
58,188
58,192
58,194
58,197
58,198
59,6
59,19
59,21
59,30
59,32
59,34
59,42
59,44
59,49
59,50
59,53
59,54
59,58
59,62
59,71
59,78
59,87
59,90
59,93
59,94
59,99
59,111
59,113
59,121
59,123
59,124
59,130
59,135
59,141
59,144
59,145
59,146
59,151
59,157
59,161
59,164
59,165
59,166
59,169
59,174
59,176
59,179
59,180
59,181
59,184
59,186
59,190
59,191
59,193
59,200
60,3
60,8
60,15
60,17
60,23
60,25
60,36
60,39
60,43
60,50
60,53
60,57
60,59
60,62
60,68
60,80
60,83
60,91
60,93
60,95
60,96
60,102
60,103
60,106
60,112
60,118
60,119
60,129
60,130
60,131
60,134
60,136
60,139
60,145
60,149
60,152
60,154
60,156
60,158
60,163
60,167
60,171
60,175
60,177
60,178
60,180
60,181
60,184
60,185
60,188
60,189
60,190
60,193
60,194
60,197
61,2
61,6
61,9
61,15
61,16
61,20
61,22
61,23
61,31
61,34
61,35
61,38
61,41
61,42
61,43
61,48
61,51
61,53
61,55
61,56
61,59
61,66
61,69
61,71
61,72
61,77
61,90
61,91
61,94
61,103
61,104
61,106
61,107
61,111
61,112
61,118
61,121
61,124
61,128
61,130
61,131
61,133
61,140
61,141
61,143
61,144
61,145
61,149
61,153
61,154
61,155
61,157
61,160
61,169
61,174
61,176
61,177
61,179
61,180
61,182
61,191
61,194
61,199
62,1
62,2
62,3
62,4
62,6
62,8
62,14
62,21
62,22
62,27
62,33
62,34
62,35
62,36
62,38
62,47
62,48
62,54
62,58
62,67
62,73
62,79
62,83
62,91
62,92
62,99
62,101
62,102
62,105
62,112
62,113
62,114
62,116
62,120
62,122
62,123
62,125
62,128
62,129
62,131
62,132
62,133
62,136
62,138
62,141
62,143
62,145
62,146
62,147
62,151
62,155
62,156
62,158
62,159
62,160
62,162
62,165
62,171
62,175
62,176
62,178
62,179
62,183
62,199
63,5
63,15
63,16
63,19
63,21
63,22
63,26
63,35
63,38
63,41
63,48
63,50
63,56
63,62
63,67
63,72
63,74
63,76
63,78
63,79
63,84
63,86
63,89
63,93
63,94
63,98
63,101
63,102
63,109
63,112
63,113
63,119
63,121
63,125
63,127
63,130
63,133
63,134
63,153
63,154
63,157
63,158
63,162
63,165
63,167
63,168
63,171
63,176
63,182
63,184
63,187
63,188
63,189
63,191
63,192
63,195
63,198
63,199
63,200
64,6
64,7
64,9
64,10
64,11
64,19
64,20
64,28
64,35
64,37
64,38
64,42
64,45
64,55
64,56
64,58
64,61
64,62
64,65
64,67
64,70
64,71
64,75
64,76
64,77
64,78
64,84
64,88
64,91
64,98
64,103
64,104
64,105
64,108
64,115
64,117
64,118
64,124
64,130
64,132
64,135
64,140
64,144
64,145
64,146
64,147
64,149
64,152
64,157
64,159
64,163
64,166
64,176
64,178
64,183
64,189
64,192
64,196
64,198
65,2
65,5
65,8
65,17
65,18
65,22
65,23
65,25
65,31
65,32
65,39
65,40
65,41
65,42
65,48
65,57
65,58
65,59
65,61
65,66
65,67
65,74
65,75
65,76
65,79
65,85
65,87
65,92
65,97
65,102
65,104
65,110
65,118
65,119
65,123
65,125
65,127
65,133
65,136
65,137
65,138
65,140
65,144
65,153
65,155
65,156
65,157
65,159
65,160
65,162
65,164
65,167
65,169
65,171
65,179
65,181
65,191
65,192
65,198
66,1
66,7
66,13
66,16
66,17
66,19
66,21
66,25
66,28
66,31
66,32
66,33
66,39
66,40
66,41
66,42
66,54
66,60
66,62
66,64
66,65
66,68
66,69
66,72
66,73
66,74
66,85
66,91
66,94
66,96
66,102
66,109
66,115
66,124
66,128
66,131
66,132
66,133
66,135
66,136
66,142
66,145
66,147
66,152
66,153
66,157
66,159
66,161
66,166
66,169
66,170
66,171
66,173
66,179
66,186
66,191
66,192
66,194
66,200
67,9
67,13
67,14
67,16
67,22
67,26
67,27
67,29
67,33
67,35
67,38
67,47
67,48
67,49
67,53
67,55
67,56
67,64
67,76
67,80
67,84
67,88
67,91
67,94
67,99
67,100
67,102
67,103
67,104
67,105
67,107
67,110
67,115
67,117
67,118
67,125
67,133
67,137
67,139
67,145
67,146
67,151
67,154
67,155
67,158
67,159
67,161
67,171
67,185
67,189
67,196
67,197
68,4
68,7
68,8
68,9
68,10
68,12
68,15
68,19
68,20
68,25
68,26
68,27
68,28
68,30
68,32
68,35
68,38
68,39
68,40
68,41
68,49
68,51
68,55
68,60
68,69
68,71
68,74
68,77
68,78
68,83
68,93
68,97
68,99
68,105
68,107
68,109
68,116
68,117
68,118
68,123
68,126
68,128
68,129
68,136
68,137
68,140
68,143
68,146
68,150
68,152
68,157
68,159
68,161
68,165
68,170
68,171
68,174
68,178
68,179
68,183
68,184
68,185
68,197
68,200
69,4
69,9
69,17
69,32
69,35
69,38
69,42
69,47
69,49
69,51
69,59
69,60
69,61
69,63
69,69
69,71
69,74
69,81
69,82
69,84
69,85
69,86
69,88
69,97
69,99
69,106
69,107
69,109
69,114
69,116
69,120
69,126
69,136
69,137
69,141
69,145
69,146
69,147
69,150
69,153
69,159
69,160
69,161
69,166
69,172
69,177
69,178
69,183
69,188
69,195
70,2
70,3
70,8
70,9
70,11
70,16
70,17
70,24
70,25
70,27
70,28
70,32
70,35
70,36
70,39
70,44
70,45
70,50
70,54
70,55
70,56
70,61
70,66
70,76
70,77
70,82
70,84
70,85
70,86
70,87
70,88
70,89
70,91
70,99
70,101
70,105
70,113
70,114
70,117
70,118
70,121
70,123
70,126
70,127
70,141
70,143
70,148
70,150
70,151
70,158
70,160
70,164
70,165
70,167
70,169
70,172
70,175
70,178
70,182
70,185
70,186
70,189
70,192
70,196
70,199
71,2
71,6
71,16
71,19
71,28
71,29
71,30
71,32
71,35
71,37
71,40
71,44
71,53
71,57
71,64
71,65
71,71
71,72
71,75
71,79
71,81
71,86
71,90
71,94
71,95
71,96
71,100
71,103
71,108
71,112
71,115
71,119
71,121
71,124
71,125
71,129
71,130
71,132
71,133
71,134
71,136
71,141
71,142
71,146
71,147
71,150
71,154
71,163
71,169
71,171
71,172
71,173
71,174
71,178
71,180
71,186
71,199
71,200
72,4
72,12
72,13
72,16
72,22
72,27
72,29
72,32
72,34
72,47
72,48
72,56
72,64
72,67
72,69
72,73
72,76
72,82
72,87
72,91
72,92
72,97
72,100
72,107
72,115
72,118
72,119
72,123
72,129
72,130
72,132
72,133
72,134
72,147
72,149
72,151
72,152
72,153
72,157
72,160
72,161
72,166
72,168
72,170
72,171
72,174
72,181
72,184
72,185
72,189
72,192
72,194
72,198
73,5
73,6
73,8
73,11
73,15
73,16
73,17
73,22
73,30
73,31
73,33
73,36
73,38
73,39
73,43
73,48
73,50
73,54
73,58
73,59
73,67
73,70
73,71
73,72
73,73
73,75
73,76
73,79
73,85
73,87
73,98
73,105
73,116
73,118
73,121
73,123
73,127
73,137
73,141
73,142
73,144
73,146
73,148
73,153
73,154
73,163
73,166
73,171
73,173
73,175
73,177
73,178
73,182
73,183
73,188
73,196
73,197
73,198
73,199
73,200
74,3
74,5
74,6
74,7
74,11
74,15
74,17
74,18
74,20
74,31
74,34
74,39
74,48
74,50
74,56
74,64
74,71
74,78
74,80
74,86
74,87
74,91
74,97
74,102
74,104
74,105
74,106
74,107
74,110
74,111
74,114
74,115
74,117
74,121
74,138
74,141
74,143
74,147
74,151
74,157
74,163
74,166
74,171
74,172
74,177
74,178
74,180
74,182
74,184
74,186
74,187
74,190
74,193
74,195
75,3
75,5
75,11
75,13
75,19
75,23
75,25
75,27
75,28
75,30
75,31
75,34
75,35
75,36
75,39
75,40
75,41
75,44
75,50
75,51
75,52
75,53
75,56
75,60
75,61
75,65
75,68
75,69
75,70
75,71
75,74
75,75
75,79
75,82
75,89
75,91
75,93
75,97
75,99
75,107
75,110
75,116
75,117
75,118
75,119
75,120
75,128
75,130
75,134
75,141
75,147
75,149
75,152
75,153
75,158
75,159
75,168
75,171
75,173
75,176
75,178
75,179
75,182
75,183
75,184
75,185
75,186
75,190
75,193
75,197
75,199
75,200
76,1
76,3
76,8
76,9
76,11
76,20
76,23
76,26
76,27
76,34
76,42
76,44
76,51
76,54
76,55
76,59
76,60
76,61
76,62
76,65
76,68
76,73
76,77
76,80
76,91
76,92
76,93
76,103
76,104
76,106
76,110
76,113
76,114
76,116
76,122
76,123
76,125
76,126
76,128
76,129
76,131
76,136
76,138
76,141
76,143
76,151
76,152
76,154
76,156
76,157
76,165
76,179
76,180
76,185
76,187
76,190
76,191
76,196
76,197
76,198
77,1
77,5
77,7
77,8
77,9
77,12
77,14
77,15
77,16
77,22
77,25
77,29
77,30
77,34
77,41
77,43
77,44
77,45
77,47
77,49
77,53
77,56
77,61
77,62
77,64
77,69
77,71
77,72
77,73
77,77
77,80
77,81
77,88
77,89
77,92
77,98
77,103
77,104
77,105
77,109
77,111
77,112
77,115
77,119
77,121
77,123
77,124
77,129
77,132
77,133
77,137
77,141
77,142
77,144
77,146
77,151
77,154
77,159
77,160
77,162
77,163
77,167
77,169
77,171
77,175
77,177
77,179
77,180
77,182
77,183
77,184
77,198
77,199
78,1
78,2
78,3
78,4
78,5
78,13
78,16
78,18
78,21
78,23
78,25
78,26
78,33
78,36
78,41
78,47
78,48
78,57
78,58
78,63
78,65
78,66
78,69
78,72
78,73
78,75
78,78
78,84
78,97
78,99
78,110
78,118
78,120
78,122
78,124
78,125
78,128
78,129
78,131
78,135
78,137
78,138
78,139
78,148
78,154
78,155
78,156
78,163
78,164
78,174
78,177
78,186
78,196
79,12
79,14
79,20
79,24
79,31
79,33
79,34
79,36
79,40
79,41
79,43
79,44
79,50
79,54
79,57
79,59
79,64
79,65
79,69
79,71
79,73
79,75
79,76
79,84
79,87
79,91
79,92
79,96
79,99
79,100
79,105
79,107
79,116
79,122
79,123
79,130
79,132
79,136
79,144
79,145
79,146
79,147
79,150
79,153
79,158
79,159
79,166
79,172
79,174
79,175
79,178
79,184
79,186
79,188
79,189
79,193
79,194
79,198
79,200
80,8
80,12
80,23
80,32
80,37
80,42
80,44
80,45
80,51
80,54
80,55
80,56
80,66
80,68
80,69
80,70
80,72
80,76
80,80
80,83
80,85
80,86
80,87
80,90
80,93
80,97
80,98
80,100
80,103
80,107
80,110
80,111
80,117
80,120
80,122
80,129
80,130
80,131
80,135
80,137
80,142
80,144
80,158
80,159
80,160
80,161
80,163
80,166
80,181
80,182
80,185
80,188
80,196
80,199
81,8
81,9
81,10
81,12
81,13
81,14
81,23
81,27
81,30
81,33
81,34
81,37
81,38
81,40
81,41
81,42
81,44
81,45
81,47
81,48
81,49
81,53
81,55
81,56
81,58
81,60
81,66
81,70
81,75
81,77
81,82
81,87
81,88
81,89
81,94
81,97
81,99
81,101
81,104
81,105
81,108
81,112
81,113
81,114
81,115
81,116
81,128
81,132
81,135
81,140
81,146
81,149
81,153
81,156
81,158
81,162
81,164
81,170
81,173
81,176
81,180
81,181
81,183
81,184
81,189
81,190
81,191
81,192
81,193
81,198
81,199
81,200
82,5
82,6
82,7
82,8
82,10
82,11
82,15
82,16
82,17
82,18
82,22
82,23
82,30
82,37
82,38
82,45
82,48
82,52
82,56
82,58
82,62
82,70
82,81
82,82
82,88
82,91
82,97
82,99
82,103
82,108
82,113
82,117
82,118
82,120
82,124
82,127
82,132
82,135
82,137
82,139
82,140
82,145
82,148
82,154
82,156
82,161
82,170
82,175
82,179
82,181
82,182
82,184
82,189
82,192
82,193
82,195
82,197
82,200
83,2
83,5
83,6
83,7
83,8
83,11
83,12
83,13
83,15
83,17
83,18
83,19
83,21
83,23
83,25
83,29
83,33
83,34
83,37
83,42
83,45
83,47
83,52
83,53
83,60
83,61
83,62
83,69
83,70
83,87
83,92
83,93
83,94
83,95
83,98
83,105
83,114
83,117
83,120
83,123
83,125
83,131
83,133
83,136
83,141
83,144
83,148
83,150
83,153
83,158
83,160
83,162
83,163
83,166
83,167
83,169
83,176
83,186
83,189
83,198
83,199
84,13
84,14
84,20
84,23
84,32
84,34
84,40
84,42
84,43
84,44
84,48
84,49
84,56
84,58
84,60
84,64
84,72
84,73
84,75
84,83
84,87
84,93
84,97
84,99
84,109
84,110
84,113
84,116
84,128
84,130
84,135
84,136
84,142
84,149
84,150
84,151
84,160
84,169
84,173
84,174
84,179
84,180
84,183
84,186
84,195
84,199
85,2
85,3
85,5
85,6
85,9
85,11
85,17
85,26
85,29
85,31
85,32
85,34
85,35
85,38
85,39
85,40
85,48
85,50
85,51
85,56
85,57
85,64
85,67
85,72
85,73
85,78
85,86
85,97
85,99
85,101
85,107
85,109
85,110
85,121
85,123
85,124
85,127
85,134
85,137
85,138
85,139
85,147
85,152
85,153
85,156
85,168
85,177
85,178
85,179
85,183
85,187
85,188
85,192
85,195
85,198
85,200
86,1
86,3
86,5
86,6
86,8
86,12
86,13
86,15
86,18
86,29
86,31
86,34
86,35
86,38
86,40
86,43
86,48
86,50
86,53
86,54
86,56
86,59
86,62
86,64
86,66
86,69
86,76
86,79
86,82
86,86
86,88
86,90
86,92
86,93
86,95
86,97
86,100
86,108
86,109
86,110
86,112
86,116
86,124
86,125
86,129
86,130
86,137
86,139
86,140
86,157
86,162
86,163
86,164
86,165
86,166
86,167
86,169
86,171
86,182
86,184
86,186
86,188
86,191
86,192
86,193
86,194
86,198
87,8
87,10
87,11
87,15
87,18
87,19
87,20
87,21
87,22
87,23
87,26
87,28
87,33
87,35
87,40
87,41
87,47
87,52
87,54
87,56
87,58
87,61
87,63
87,78
87,82
87,84
87,90
87,93
87,95
87,96
87,97
87,102
87,104
87,106
87,115
87,118
87,120
87,121
87,123
87,124
87,129
87,130
87,132
87,133
87,137
87,139
87,140
87,141
87,143
87,144
87,147
87,150
87,151
87,154
87,156
87,164
87,166
87,167
87,172
87,173
87,174
87,175
87,177
87,182
87,184
87,189
87,190
87,194
88,3
88,4
88,5
88,8
88,11
88,13
88,14
88,15
88,16
88,21
88,26
88,36
88,47
88,48
88,51
88,53
88,54
88,57
88,58
88,59
88,74
88,75
88,76
88,86
88,89
88,91
88,92
88,95
88,96
88,98
88,102
88,104
88,105
88,113
88,119
88,120
88,133
88,138
88,146
88,149
88,150
88,152
88,155
88,161
88,162
88,177
88,181
88,182
88,185
88,187
88,188
88,194
88,196
88,197
89,3
89,4
89,18
89,24
89,27
89,28
89,29
89,33
89,35
89,36
89,37
89,38
89,44
89,50
89,55
89,62
89,63
89,68
89,70
89,71
89,74
89,80
89,82
89,86
89,87
89,91
89,96
89,98
89,99
89,103
89,111
89,115
89,133
89,134
89,137
89,139
89,144
89,146
89,151
89,164
89,166
89,168
89,173
89,179
89,186
89,190
89,192
89,197
89,198
89,200
90,1
90,5
90,7
90,9
90,17
90,21
90,23
90,26
90,28
90,36
90,37
90,42
90,46
90,47
90,55
90,56
90,57
90,60
90,62
90,63
90,64
90,65
90,66
90,67
90,68
90,69
90,82
90,85
90,87
90,94
90,99
90,102
90,104
90,108
90,113
90,114
90,116
90,121
90,125
90,130
90,132
90,133
90,135
90,140
90,145
90,147
90,149
90,150
90,151
90,155
90,158
90,160
90,161
90,164
90,176
90,177
90,178
90,179
90,187
90,189
90,190
90,192
90,196
90,199
91,1
91,3
91,5
91,6
91,7
91,9
91,10
91,12
91,17
91,26
91,30
91,31
91,39
91,48
91,49
91,51
91,52
91,53
91,54
91,57
91,63
91,64
91,65
91,67
91,68
91,82
91,92
91,94
91,97
91,102
91,104
91,105
91,108
91,113
91,115
91,116
91,117
91,119
91,122
91,126
91,127
91,128
91,129
91,130
91,131
91,137
91,138
91,140
91,141
91,142
91,143
91,146
91,149
91,154
91,155
91,159
91,161
91,163
91,164
91,168
91,174
91,176
91,177
91,178
91,179
91,180
91,183
91,192
91,195
91,197
92,1
92,3
92,11
92,17
92,30
92,31
92,33
92,41
92,42
92,44
92,46
92,48
92,50
92,51
92,52
92,53
92,58
92,63
92,69
92,70
92,71
92,79
92,80
92,83
92,85
92,87
92,90
92,93
92,95
92,96
92,99
92,101
92,103
92,106
92,113
92,114
92,119
92,120
92,130
92,136
92,138
92,140
92,145
92,146
92,161
92,166
92,167
92,168
92,170
92,171
92,175
92,177
92,180
92,181
92,182
92,195
92,200
93,2
93,4
93,8
93,15
93,16
93,24
93,26
93,27
93,30
93,33
93,36
93,39
93,42
93,43
93,46
93,50
93,52
93,55
93,56
93,57
93,69
93,70
93,74
93,77
93,87
93,88
93,91
93,92
93,94
93,95
93,100
93,104
93,107
93,109
93,112
93,122
93,123
93,131
93,138
93,139
93,140
93,144
93,146
93,147
93,148
93,155
93,157
93,168
93,170
93,173
93,175
93,181
93,182
93,183
93,184
93,191
93,194
93,195
93,196
94,8
94,9
94,14
94,34
94,35
94,36
94,47
94,48
94,49
94,54
94,56
94,59
94,61
94,63
94,68
94,70
94,73
94,75
94,81
94,83
94,84
94,85
94,90
94,99
94,103
94,108
94,110
94,113
94,114
94,117
94,120
94,127
94,129
94,134
94,135
94,137
94,145
94,148
94,151
94,152
94,153
94,154
94,157
94,158
94,161
94,165
94,172
94,176
94,180
94,181
94,184
94,191
94,197
95,5
95,12
95,13
95,14
95,15
95,16
95,18
95,21
95,23
95,25
95,26
95,31
95,32
95,33
95,35
95,37
95,38
95,39
95,40
95,41
95,45
95,56
95,62
95,63
95,73
95,76
95,78
95,79
95,81
95,86
95,88
95,89
95,97
95,102
95,103
95,105
95,115
95,116
95,122
95,125
95,126
95,127
95,128
95,130
95,136
95,137
95,138
95,139
95,140
95,155
95,156
95,159
95,160
95,164
95,168
95,169
95,170
95,171
95,172
95,173
95,176
95,178
95,179
95,184
95,188
95,189
95,191
95,192
95,195
95,196
96,5
96,8
96,10
96,11
96,13
96,19
96,30
96,33
96,34
96,35
96,36
96,38
96,41
96,44
96,46
96,47
96,49
96,51
96,53
96,54
96,57
96,59
96,60
96,61
96,65
96,67
96,71
96,94
96,95
96,98
96,101
96,104
96,107
96,108
96,110
96,113
96,118
96,119
96,122
96,129
96,132
96,133
96,134
96,136
96,144
96,148
96,155
96,157
96,160
96,161
96,163
96,165
96,166
96,168
96,170
96,171
96,173
96,184
96,192
96,197
96,198
96,200
97,2
97,5
97,6
97,9
97,11
97,15
97,16
97,18
97,20
97,22
97,23
97,26
97,27
97,29
97,39
97,40
97,43
97,45
97,49
97,51
97,54
97,55
97,58
97,60
97,63
97,68
97,72
97,76
97,78
97,79
97,80
97,83
97,85
97,91
97,92
97,100
97,101
97,105
97,106
97,107
97,109
97,110
97,111
97,112
97,116
97,121
97,122
97,123
97,126
97,130
97,132
97,136
97,138
97,142
97,151
97,154
97,157
97,165
97,166
97,168
97,171
97,172
97,177
97,178
97,182
97,183
97,187
97,191
97,192
97,193
97,198
98,2
98,3
98,4
98,6
98,11
98,14
98,19
98,22
98,27
98,28
98,40
98,42
98,44
98,46
98,50
98,51
98,63
98,66
98,77
98,78
98,86
98,98
98,104
98,105
98,106
98,107
98,108
98,109
98,110
98,111
98,114
98,115
98,116
98,117
98,118
98,119
98,121
98,122
98,136
98,138
98,141
98,142
98,147
98,148
98,161
98,162
98,164
98,165
98,171
98,177
98,179
98,190
98,191
98,196
99,2
99,9
99,10
99,11
99,19
99,21
99,23
99,27
99,31
99,33
99,34
99,36
99,37
99,38
99,39
99,44
99,45
99,52
99,56
99,58
99,59
99,63
99,64
99,81
99,83
99,86
99,89
99,99
99,103
99,105
99,106
99,110
99,112
99,114
99,115
99,116
99,118
99,119
99,122
99,123
99,126
99,127
99,130
99,134
99,135
99,136
99,138
99,140
99,157
99,162
99,168
99,175
99,180
99,184
99,185
99,187
99,188
99,194
100,1
100,12
100,15
100,19
100,23
100,26
100,27
100,28
100,31
100,33
100,34
100,35
100,36
100,38
100,42
100,45
100,49
100,50
100,51
100,56
100,57
100,64
100,73
100,80
100,82
100,86
100,95
100,96
100,97
100,102
100,103
100,107
100,108
100,112
100,116
100,119
100,121
100,127
100,131
100,144
100,147
100,151
100,153
100,154
100,155
100,164
100,171
100,173
100,174
100,179
100,181
100,182
100,185
100,186
100,192
100,195
100,198
100,199
101,1
101,10
101,13
101,14
101,15
101,16
101,20
101,29
101,32
101,34
101,37
101,39
101,41
101,42
101,44
101,47
101,48
101,54
101,55
101,56
101,57
101,61
101,63
101,66
101,67
101,70
101,77
101,80
101,88
101,90
101,91
101,92
101,98
101,102
101,108
101,109
101,111
101,121
101,122
101,123
101,124
101,126
101,127
101,128
101,137
101,139
101,141
101,142
101,144
101,148
101,150
101,155
101,156
101,161
101,167
101,174
101,176
101,182
101,185
101,189
101,191
101,192
101,194
101,197
102,1
102,6
102,7
102,8
102,16
102,19
102,23
102,26
102,27
102,28
102,41
102,44
102,46
102,47
102,50
102,53
102,54
102,55
102,56
102,57
102,69
102,81
102,84
102,87
102,88
102,89
102,90
102,93
102,96
102,97
102,101
102,102
102,103
102,104
102,106
102,108
102,109
102,111
102,112
102,113
102,115
102,116
102,121
102,122
102,123
102,124
102,128
102,131
102,137
102,142
102,146
102,147
102,149
102,151
102,156
102,158
102,160
102,162
102,164
102,165
102,170
102,174
102,175
102,177
102,180
102,182
102,183
102,185
102,186
102,191
102,192
103,1
103,2
103,3
103,8
103,10
103,11
103,13
103,15
103,17
103,18
103,24
103,31
103,34
103,35
103,36
103,37
103,38
103,44
103,49
103,51
103,53
103,54
103,57
103,65
103,69
103,78
103,83
103,84
103,88
103,91
103,92
103,94
103,107
103,108
103,112
103,113
103,114
103,119
103,120
103,124
103,126
103,128
103,134
103,135
103,142
103,146
103,148
103,149
103,163
103,165
103,173
103,177
103,180
103,186
103,187
103,190
103,192
103,198
104,1
104,2
104,4
104,5
104,6
104,13
104,16
104,20
104,21
104,24
104,27
104,28
104,32
104,34
104,37
104,39
104,43
104,46
104,52
104,53
104,59
104,67
104,69
104,71
104,77
104,86
104,106
104,107
104,108
104,114
104,117
104,120
104,122
104,123
104,125
104,126
104,128
104,129
104,133
104,137
104,139
104,144
104,146
104,153
104,158
104,162
104,165
104,175
104,181
104,184
104,193
104,194
104,196
104,200
105,1
105,4
105,7
105,10
105,15
105,16
105,18
105,20
105,23
105,24
105,25
105,26
105,27
105,29
105,30
105,32
105,36
105,41
105,42
105,44
105,46
105,54
105,55
105,60
105,65
105,69
105,71
105,78
105,79
105,81
105,82
105,85
105,88
105,96
105,97
105,101
105,110
105,111
105,116
105,125
105,126
105,128
105,131
105,142
105,145
105,152
105,153
105,157
105,158
105,159
105,160
105,165
105,166
105,167
105,172
105,175
105,176
105,177
105,184
105,187
105,188
105,191
105,196
105,199
106,3
106,5
106,7
106,8
106,12
106,13
106,20
106,21
106,26
106,29
106,30
106,31
106,32
106,33
106,35
106,38
106,40
106,42
106,45
106,46
106,49
106,51
106,52
106,55
106,57
106,58
106,63
106,70
106,72
106,76
106,79
106,83
106,85
106,89
106,91
106,95
106,97
106,99
106,103
106,104
106,110
106,113
106,116
106,117
106,120
106,125
106,127
106,128
106,130
106,136
106,140
106,143
106,144
106,157
106,167
106,170
106,179
106,183
106,192
106,194
106,199
107,7
107,9
107,10
107,14
107,18
107,19
107,22
107,29
107,30
107,31
107,32
107,34
107,38
107,42
107,45
107,48
107,49
107,53
107,55
107,57
107,61
107,62
107,72
107,74
107,76
107,83
107,84
107,87
107,88
107,89
107,91
107,98
107,109
107,113
107,114
107,115
107,117
107,120
107,123
107,125
107,132
107,136
107,137
107,140
107,141
107,142
107,144
107,148
107,154
107,156
107,160
107,163
107,166
107,170
107,172
107,174
107,177
107,180
107,187
107,188
107,191
107,194
107,195
107,198
107,199
108,5
108,7
108,12
108,13
108,14
108,19
108,20
108,25
108,28
108,33
108,36
108,37
108,38
108,39
108,40
108,41
108,42
108,43
108,47
108,54
108,56
108,58
108,69
108,70
108,74
108,75
108,83
108,84
108,86
108,88
108,89
108,92
108,94
108,95
108,96
108,99
108,100
108,109
108,114
108,122
108,123
108,126
108,131
108,133
108,137
108,138
108,141
108,143
108,147
108,151
108,153
108,154
108,163
108,173
108,175
108,179
108,182
108,184
108,190
108,197
108,199
108,200
109,2
109,5
109,10
109,13
109,19
109,22
109,26
109,27
109,29
109,30
109,31
109,35
109,36
109,39
109,42
109,53
109,55
109,58
109,59
109,62
109,64
109,65
109,70
109,71
109,73
109,76
109,78
109,84
109,86
109,91
109,96
109,97
109,99
109,102
109,103
109,104
109,105
109,107
109,108
109,109
109,113
109,114
109,117
109,119
109,120
109,121
109,123
109,127
109,130
109,133
109,137
109,141
109,145
109,146
109,147
109,148
109,151
109,155
109,157
109,168
109,169
109,170
109,175
109,180
109,184
109,186
109,188
109,189
109,192
109,195
109,198
110,7
110,9
110,10
110,16
110,17
110,19
110,20
110,22
110,25
110,30
110,33
110,34
110,37
110,39
110,40
110,42
110,45
110,46
110,47
110,52
110,67
110,72
110,80
110,81
110,83
110,84
110,85
110,91
110,93
110,94
110,101
110,103
110,105
110,107
110,108
110,110
110,112
110,126
110,128
110,129
110,132
110,133
110,137
110,141
110,147
110,148
110,153
110,156
110,157
110,163
110,171
110,173
110,176
110,182
110,184
110,187
110,188
110,192
110,193
110,195
111,3
111,5
111,7
111,11
111,12
111,13
111,19
111,26
111,31
111,39
111,44
111,54
111,55
111,57
111,59
111,60
111,61
111,62
111,63
111,64
111,65
111,67
111,71
111,73
111,74
111,78
111,81
111,85
111,89
111,95
111,96
111,98
111,102
111,105
111,111
111,112
111,119
111,122
111,127
111,131
111,133
111,140
111,142
111,147
111,148
111,154
111,158
111,159
111,160
111,162
111,164
111,167
111,169
111,184
111,186
111,192
111,196
111,197
112,4
112,9
112,11
112,12
112,18
112,24
112,32
112,34
112,35
112,42
112,44
112,48
112,55
112,57
112,61
112,76
112,80
112,84
112,86
112,87
112,90
112,91
112,93
112,95
112,99
112,100
112,101
112,103
112,105
112,106
112,109
112,116
112,117
112,122
112,124
112,130
112,134
112,142
112,162
112,164
112,172
112,173
112,178
112,182
112,183
112,189
112,190
112,191
112,194
112,196
113,1
113,2
113,7
113,9
113,13
113,18
113,28
113,36
113,37
113,38
113,39
113,43
113,45
113,52
113,54
113,57
113,61
113,62
113,64
113,66
113,68
113,70
113,71
113,83
113,85
113,86
113,87
113,94
113,96
113,97
113,100
113,101
113,107
113,112
113,114
113,116
113,121
113,122
113,126
113,133
113,135
113,146
113,147
113,148
113,150
113,151
113,160
113,161
113,163
113,164
113,168
113,172
113,176
113,179
113,186
113,187
113,197
113,198
114,2
114,4
114,8
114,19
114,21
114,22
114,23
114,26
114,27
114,28
114,41
114,47
114,48
114,50
114,51
114,55
114,56
114,59
114,62
114,63
114,65
114,67
114,75
114,78
114,83
114,88
114,89
114,90
114,91
114,93
114,97
114,99
114,100
114,103
114,104
114,109
114,115
114,117
114,122
114,123
114,125
114,129
114,130
114,132
114,133
114,134
114,137
114,141
114,142
114,146
114,148
114,150
114,155
114,156
114,157
114,159
114,170
114,174
114,178
114,180
114,195
114,197
115,1
115,3
115,4
115,8
115,11
115,12
115,14
115,31
115,35
115,36
115,38
115,44
115,48
115,51
115,59
115,62
115,64
115,67
115,68
115,71
115,74
115,79
115,85
115,88
115,93
115,95
115,98
115,102
115,106
115,110
115,111
115,114
115,116
115,117
115,125
115,126
115,130
115,131
115,137
115,138
115,145
115,146
115,148
115,154
115,170
115,172
115,177
115,181
115,187
115,188
115,189
115,193
116,5
116,6
116,7
116,8
116,12
116,14
116,15
116,18
116,24
116,31
116,35
116,36
116,43
116,46
116,47
116,48
116,49
116,50
116,55
116,56
116,57
116,62
116,63
116,66
116,73
116,75
116,77
116,82
116,92
116,100
116,108
116,110
116,111
116,119
116,121
116,124
116,125
116,130
116,131
116,132
116,136
116,139
116,141
116,142
116,144
116,145
116,155
116,156
116,159
116,162
116,167
116,170
116,176
116,179
116,180
116,181
116,183
116,185
116,189
116,197
117,1
117,5
117,6
117,10
117,12
117,19
117,21
117,27
117,31
117,33
117,34
117,37
117,39
117,42
117,44
117,47
117,53
117,59
117,65
117,74
117,77
117,84
117,89
117,90
117,91
117,92
117,94
117,95
117,96
117,102
117,110
117,111
117,116
117,117
117,118
117,121
117,122
117,124
117,136
117,137
117,139
117,145
117,154
117,156
117,159
117,161
117,170
117,172
117,174
117,179
117,180
117,183
117,188
117,190
117,194
117,196
118,5
118,9
118,10
118,15
118,17
118,20
118,29
118,35
118,37
118,42
118,49
118,52
118,59
118,62
118,73
118,79
118,80
118,83
118,94
118,103
118,104
118,106
118,113
118,114
118,116
118,117
118,118
118,121
118,125
118,126
118,134
118,136
118,137
118,138
118,140
118,141
118,144
118,148
118,149
118,150
118,151
118,162
118,167
118,170
118,172
118,179
118,182
118,184
118,188
118,195
119,1
119,10
119,11
119,13
119,15
119,17
119,19
119,21
119,22
119,27
119,28
119,29
119,30
119,34
119,35
119,37
119,39
119,44
119,45
119,47
119,51
119,52
119,53
119,54
119,58
119,60
119,65
119,70
119,71
119,72
119,76
119,77
119,80
119,81
119,83
119,86
119,89
119,90
119,94
119,95
119,99
119,100
119,102
119,105
119,106
119,108
119,110
119,111
119,112
119,114
119,118
119,125
119,134
119,138
119,140
119,146
119,147
119,150
119,151
119,153
119,161
119,162
119,168
119,172
119,173
119,178
119,182
119,184
119,186
119,191
119,195
119,196
119,197
119,200
120,1
120,5
120,8
120,9
120,13
120,17
120,20
120,27
120,36
120,39
120,42
120,43
120,48
120,56
120,57
120,60
120,61
120,62
120,72
120,74
120,78
120,81
120,82
120,83
120,84
120,86
120,88
120,99
120,110
120,114
120,115
120,117
120,122
120,123
120,136
120,139
120,142
120,146
120,149
120,150
120,157
120,159
120,160
120,161
120,163
120,164
120,170
120,180
120,184
120,194
120,195
121,1
121,3
121,4
121,6
121,10
121,13
121,17
121,21
121,22
121,28
121,34
121,40
121,42
121,43
121,45
121,46
121,47
121,48
121,49
121,54
121,55
121,57
121,60
121,63
121,65
121,67
121,71
121,72
121,73
121,75
121,80
121,82
121,85
121,89
121,92
121,93
121,95
121,96
121,97
121,102
121,106
121,107
121,108
121,110
121,114
121,116
121,117
121,119
121,124
121,125
121,126
121,132
121,133
121,135
121,136
121,138
121,142
121,146
121,151
121,152
121,154
121,161
121,169
121,173
121,179
121,180
121,181
121,189
121,190
121,197
122,1
122,2
122,3
122,5
122,9
122,24
122,44
122,47
122,50
122,57
122,58
122,61
122,62
122,63
122,66
122,71
122,72
122,79
122,83
122,84
122,88
122,91
122,95
122,97
122,99
122,101
122,102
122,103
122,107
122,108
122,113
122,117
122,118
122,122
122,132
122,135
122,136
122,145
122,147
122,149
122,153
122,155
122,159
122,162
122,163
122,168
122,169
122,171
122,174
122,178
122,179
122,182
122,189
122,190
122,193
122,197
122,199
123,9
123,14
123,15
123,16
123,20
123,25
123,26
123,27
123,28
123,33
123,42
123,43
123,44
123,47
123,48
123,50
123,51
123,52
123,53
123,57
123,58
123,59
123,67
123,68
123,69
123,71
123,78
123,84
123,86
123,89
123,90
123,96
123,97
123,100
123,104
123,106
123,109
123,111
123,112
123,114
123,116
123,118
123,120
123,122
123,125
123,128
123,130
123,132
123,136
123,140
123,146
123,148
123,150
123,154
123,161
123,164
123,165
123,170
123,172
123,175
123,179
123,180
123,181
123,182
123,187
123,195
123,198
124,2
124,4
124,7
124,10
124,17
124,21
124,24
124,25
124,28
124,32
124,34
124,35
124,39
124,43
124,53
124,54
124,57
124,60
124,62
124,66
124,67
124,68
124,69
124,70
124,72
124,80
124,81
124,82
124,86
124,87
124,92
124,93
124,97
124,98
124,102
124,103
124,105
124,107
124,111
124,114
124,116
124,119
124,124
124,126
124,136
124,144
124,145
124,149
124,154
124,159
124,160
124,163
124,165
124,167
124,170
124,173
124,178
124,196
124,198
124,199
124,200
125,10
125,22
125,35
125,36
125,40
125,42
125,47
125,51
125,53
125,55
125,57
125,60
125,61
125,63
125,66
125,73
125,75
125,76
125,79
125,80
125,81
125,82
125,84
125,86
125,100
125,104
125,106
125,107
125,108
125,109
125,110
125,114
125,115
125,120
125,121
125,123
125,124
125,145
125,151
125,155
125,161
125,162
125,163
125,164
125,165
125,168
125,178
125,195
126,5
126,8
126,13
126,15
126,17
126,19
126,28
126,30
126,37
126,41
126,43
126,47
126,50
126,52
126,54
126,59
126,62
126,68
126,72
126,74
126,78
126,79
126,81
126,83
126,85
126,87
126,92
126,97
126,99
126,102
126,105
126,107
126,110
126,113
126,115
126,116
126,118
126,122
126,123
126,125
126,135
126,144
126,145
126,146
126,149
126,151
126,152
126,155
126,157
126,161
126,164
126,168
126,169
126,171
126,172
126,174
126,178
126,180
126,182
126,184
126,192
126,197
126,198
127,3
127,4
127,5
127,13
127,14
127,17
127,20
127,23
127,27
127,29
127,34
127,35
127,41
127,48
127,55
127,56
127,61
127,62
127,64
127,65
127,68
127,70
127,73
127,75
127,76
127,77
127,78
127,82
127,87
127,88
127,91
127,94
127,95
127,98
127,104
127,119
127,120
127,123
127,128
127,133
127,134
127,135
127,137
127,140
127,145
127,147
127,151
127,156
127,158
127,160
127,171
127,173
127,180
127,181
127,182
127,184
127,190
127,192
127,196
127,197
127,199
128,2
128,4
128,10
128,11
128,13
128,14
128,19
128,22
128,23
128,27
128,28
128,31
128,35
128,37
128,39
128,40
128,41
128,42
128,47
128,50
128,52
128,53
128,60
128,62
128,65
128,68
128,69
128,70
128,71
128,72
128,83
128,85
128,87
128,92
128,95
128,97
128,98
128,99
128,105
128,106
128,107
128,112
128,113
128,115
128,122
128,125
128,127
128,128
128,132
128,136
128,141
128,145
128,151
128,175
128,181
128,182
128,188
128,189
128,190
128,197
128,198
129,3
129,4
129,9
129,10
129,12
129,16
129,20
129,21
129,27
129,28
129,35
129,36
129,43
129,45
129,49
129,51
129,52
129,53
129,55
129,56
129,57
129,58
129,60
129,66
129,68
129,69
129,70
129,71
129,83
129,85
129,86
129,105
129,111
129,113
129,114
129,121
129,122
129,127
129,130
129,132
129,136
129,142
129,149
129,152
129,153
129,154
129,164
129,168
129,171
129,172
129,173
129,175
129,177
129,179
129,180
129,181
129,182
129,184
129,188
129,198
129,200
130,1
130,10
130,12
130,17
130,19
130,27
130,32
130,33
130,39
130,40
130,41
130,45
130,46
130,50
130,51
130,60
130,61
130,63
130,70
130,74
130,81
130,84
130,85
130,87
130,89
130,90
130,91
130,96
130,105
130,116
130,117
130,122
130,124
130,127
130,138
130,141
130,142
130,143
130,147
130,148
130,153
130,154
130,156
130,158
130,160
130,161
130,163
130,164
130,165
130,166
130,170
130,171
130,187
130,189
130,191
130,193
130,196
130,199
131,2
131,6
131,9
131,12
131,14
131,15
131,19
131,23
131,25
131,26
131,28
131,29
131,33
131,37
131,46
131,50
131,51
131,58
131,60
131,61
131,63
131,65
131,66
131,67
131,80
131,85
131,87
131,88
131,89
131,95
131,97
131,98
131,100
131,101
131,102
131,104
131,106
131,107
131,110
131,121
131,122
131,126
131,131
131,133
131,140
131,141
131,144
131,145
131,146
131,147
131,148
131,149
131,150
131,154
131,158
131,160
131,165
131,166
131,167
131,169
131,172
131,175
131,179
131,183
131,184
131,185
131,192
131,198
131,199
132,2
132,5
132,6
132,11
132,18
132,19
132,31
132,32
132,35
132,36
132,42
132,47
132,48
132,49
132,51
132,52
132,58
132,59
132,60
132,63
132,67
132,68
132,69
132,71
132,73
132,76
132,77
132,82
132,89
132,91
132,96
132,99
132,101
132,106
132,108
132,116
132,117
132,118
132,122
132,127
132,136
132,139
132,140
132,143
132,144
132,151
132,154
132,157
132,163
132,167
132,173
132,176
132,177
132,178
132,180
132,181
132,182
132,185
132,189
132,190
132,193
132,199
132,200
133,1
133,4
133,10
133,14
133,15
133,18
133,20
133,21
133,25
133,30
133,34
133,35
133,36
133,38
133,40
133,41
133,47
133,51
133,55
133,56
133,68
133,74
133,77
133,78
133,80
133,86
133,87
133,94
133,95
133,99
133,103
133,105
133,109
133,110
133,118
133,127
133,133
133,137
133,142
133,143
133,144
133,145
133,147
133,149
133,150
133,152
133,153
133,162
133,166
133,169
133,174
133,178
133,179
133,183
133,189
134,1
134,7
134,10
134,13
134,17
134,20
134,25
134,26
134,29
134,30
134,31
134,33
134,40
134,44
134,47
134,48
134,49
134,52
134,56
134,59
134,61
134,69
134,70
134,72
134,78
134,84
134,86
134,90
134,93
134,95
134,96
134,99
134,105
134,106
134,107
134,113
134,115
134,117
134,118
134,123
134,131
134,138
134,139
134,144
134,145
134,149
134,150
134,152
134,156
134,160
134,161
134,162
134,166
134,168
134,171
134,172
134,173
134,176
134,180
134,184
134,186
134,189
134,196
134,197
134,199
134,200
135,4
135,7
135,8
135,9
135,10
135,13
135,17
135,18
135,20
135,21
135,23
135,30
135,33
135,43
135,44
135,55
135,59
135,64
135,65
135,67
135,74
135,75
135,76
135,83
135,85
135,88
135,89
135,90
135,91
135,93
135,95
135,96
135,105
135,108
135,109
135,113
135,114
135,115
135,126
135,131
135,134
135,135
135,137
135,139
135,140
135,142
135,143
135,149
135,150
135,155
135,158
135,162
135,165
135,170
135,171
135,184
135,186
135,200
136,2
136,4
136,13
136,14
136,17
136,18
136,22
136,23
136,26
136,32
136,36
136,38
136,40
136,42
136,45
136,48
136,51
136,55
136,58
136,59
136,66
136,71
136,73
136,76
136,78
136,81
136,87
136,89
136,93
136,95
136,98
136,101
136,102
136,103
136,104
136,110
136,111
136,116
136,119
136,122
136,129
136,133
136,138
136,140
136,143
136,145
136,146
136,149
136,150
136,151
136,157
136,159
136,162
136,166
136,175
136,176
136,178
136,179
136,187
136,189
136,196
136,198
137,4
137,6
137,8
137,15
137,16
137,17
137,19
137,22
137,28
137,29
137,30
137,32
137,34
137,38
137,39
137,48
137,49
137,50
137,52
137,55
137,58
137,61
137,62
137,64
137,66
137,67
137,68
137,75
137,80
137,82
137,87
137,89
137,94
137,102
137,103
137,107
137,111
137,117
137,118
137,120
137,123
137,128
137,130
137,135
137,136
137,143
137,147
137,151
137,152
137,155
137,156
137,158
137,162
137,164
137,165
137,166
137,167
137,168
137,169
137,174
137,183
137,187
137,188
137,189
137,193
138,2
138,11
138,13
138,15
138,32
138,33
138,36
138,37
138,41
138,43
138,45
138,48
138,49
138,53
138,54
138,57
138,63
138,64
138,65
138,67
138,72
138,74
138,75
138,79
138,81
138,82
138,83
138,89
138,94
138,95
138,99
138,101
138,106
138,110
138,113
138,114
138,117
138,118
138,122
138,126
138,133
138,137
138,139
138,140
138,142
138,149
138,157
138,158
138,161
138,165
138,170
138,178
138,179
138,185
138,190
138,192
138,199
139,1
139,7
139,8
139,10
139,11
139,12
139,13
139,20
139,31
139,38
139,39
139,40
139,41
139,42
139,50
139,53
139,54
139,56
139,59
139,60
139,62
139,63
139,65
139,69
139,72
139,77
139,79
139,80
139,83
139,93
139,94
139,95
139,100
139,102
139,106
139,107
139,110
139,112
139,114
139,116
139,117
139,118
139,120
139,122
139,123
139,124
139,127
139,138
139,141
139,143
139,144
139,157
139,168
139,170
139,171
139,172
139,182
139,184
139,188
139,190
139,191
139,195
139,196
139,197
139,199
140,1
140,3
140,4
140,10
140,15
140,18
140,19
140,20
140,22
140,23
140,24
140,28
140,29
140,32
140,34
140,35
140,37
140,38
140,49
140,56
140,57
140,64
140,65
140,68
140,72
140,75
140,77
140,79
140,80
140,85
140,88
140,91
140,96
140,106
140,107
140,108
140,110
140,113
140,114
140,116
140,119
140,122
140,129
140,135
140,140
140,145
140,147
140,148
140,149
140,152
140,156
140,159
140,162
140,164
140,171
140,172
140,183
140,184
140,186
140,187
140,189
140,196
140,200
141,3
141,7
141,8
141,10
141,11
141,13
141,21
141,24
141,25
141,26
141,33
141,34
141,36
141,37
141,39
141,46
141,51
141,52
141,56
141,59
141,63
141,68
141,69
141,78
141,81
141,86
141,87
141,88
141,95
141,97
141,100
141,105
141,107
141,110
141,111
141,114
141,116
141,123
141,124
141,125
141,130
141,132
141,133
141,134
141,137
141,140
141,142
141,144
141,147
141,152
141,157
141,158
141,159
141,161
141,164
141,167
141,169
141,172
141,177
141,178
141,187
141,190
141,193
141,197
141,200
142,2
142,5
142,15
142,16
142,17
142,18
142,20
142,21
142,22
142,27
142,31
142,34
142,35
142,36
142,49
142,51
142,52
142,53
142,55
142,57
142,58
142,60
142,61
142,65
142,67
142,72
142,82
142,84
142,90
142,91
142,92
142,93
142,95
142,96
142,99
142,100
142,102
142,115
142,116
142,119
142,121
142,124
142,125
142,128
142,129
142,131
142,134
142,136
142,137
142,138
142,143
142,145
142,148
142,155
142,164
142,165
142,172
142,174
142,176
142,184
142,191
142,193
142,194
142,199
143,3
143,4
143,5
143,7
143,10
143,13
143,19
143,21
143,26
143,27
143,28
143,29
143,32
143,34
143,38
143,42
143,45
143,47
143,49
143,51
143,57
143,60
143,70
143,73
143,76
143,81
143,83
143,84
143,85
143,87
143,88
143,93
143,99
143,100
143,109
143,110
143,111
143,112
143,116
143,118
143,119
143,122
143,127
143,128
143,129
143,131
143,135
143,138
143,142
143,147
143,148
143,152
143,155
143,156
143,159
143,161
143,163
143,165
143,166
143,170
143,171
143,177
143,178
143,181
143,182
143,183
143,184
143,186
143,187
143,188
143,190
143,191
143,193
143,197
144,1
144,2
144,4
144,8
144,9
144,11
144,12
144,16
144,22
144,28
144,37
144,38
144,40
144,44
144,45
144,46
144,48
144,50
144,54
144,55
144,56
144,60
144,61
144,65
144,66
144,69
144,71
144,72
144,84
144,85
144,87
144,99
144,100
144,101
144,106
144,112
144,113
144,116
144,120
144,128
144,129
144,130
144,132
144,136
144,142
144,155
144,167
144,168
144,169
144,172
144,173
144,177
144,181
144,190
144,196
144,197
144,199
145,4
145,11
145,14
145,16
145,17
145,19
145,20
145,22
145,26
145,27
145,32
145,37
145,46
145,48
145,49
145,50
145,52
145,56
145,57
145,59
145,60
145,67
145,70
145,71
145,74
145,76
145,78
145,79
145,80
145,84
145,85
145,87
145,89
145,95
145,103
145,112
145,117
145,120
145,121
145,125
145,126
145,132
145,136
145,137
145,138
145,139
145,142
145,144
145,147
145,148
145,151
145,153
145,154
145,161
145,170
145,173
145,176
145,182
145,187
145,188
145,197
145,200
146,5
146,7
146,11
146,15
146,17
146,18
146,19
146,23
146,26
146,29
146,30
146,31
146,36
146,37
146,41
146,42
146,47
146,50
146,58
146,68
146,69
146,71
146,73
146,79
146,80
146,83
146,89
146,95
146,96
146,104
146,115
146,116
146,117
146,121
146,130
146,132
146,137
146,141
146,142
146,144
146,151
146,154
146,160
146,165
146,166
146,167
146,170
146,173
146,187
146,189
146,190
146,191
146,193
146,195
146,196
147,3
147,4
147,6
147,7
147,9
147,11
147,13
147,15
147,16
147,18
147,31
147,32
147,33
147,34
147,36
147,40
147,44
147,46
147,49
147,54
147,58
147,60
147,61
147,62
147,65
147,66
147,70
147,77
147,78
147,81
147,82
147,84
147,86
147,92
147,93
147,95
147,103
147,106
147,107
147,108
147,109
147,111
147,112
147,118
147,123
147,125
147,132
147,138
147,140
147,142
147,146
147,147
147,150
147,159
147,161
147,163
147,166
147,168
147,181
147,184
147,190
147,192
147,194
147,196
147,199
148,9
148,13
148,14
148,15
148,18
148,23
148,25
148,26
148,28
148,32
148,41
148,42
148,43
148,45
148,48
148,55
148,62
148,69
148,75
148,84
148,87
148,89
148,90
148,93
148,97
148,100
148,103
148,104
148,106
148,114
148,119
148,120
148,122
148,124
148,125
148,126
148,135
148,137
148,139
148,141
148,145
148,152
148,154
148,157
148,158
148,161
148,162
148,163
148,166
148,169
148,170
148,171
148,174
148,176
148,177
148,182
148,183
148,185
148,188
148,189
149,2
149,11
149,13
149,21
149,22
149,23
149,28
149,31
149,32
149,38
149,39
149,42
149,43
149,44
149,47
149,54
149,55
149,56
149,58
149,60
149,67
149,68
149,73
149,79
149,80
149,83
149,86
149,90
149,93
149,97
149,98
149,104
149,108
149,111
149,115
149,118
149,121
149,130
149,131
149,132
149,133
149,137
149,144
149,147
149,148
149,153
149,159
149,160
149,168
149,174
149,176
149,177
149,182
149,187
149,189
149,192
149,193
149,194
149,198
150,1
150,3
150,4
150,23
150,27
150,29
150,30
150,31
150,32
150,38
150,42
150,43
150,48
150,50
150,52
150,55
150,57
150,61
150,69
150,71
150,73
150,74
150,76
150,85
150,88
150,91
150,95
150,96
150,97
150,108
150,113
150,115
150,118
150,119
150,124
150,129
150,131
150,139
150,140
150,145
150,146
150,148
150,150
150,160
150,165
150,170
150,171
150,175
150,176
150,179
150,181
150,184
150,185
150,189
150,197
151,5
151,9
151,10
151,12
151,18
151,20
151,24
151,29
151,33
151,35
151,36
151,45
151,47
151,50
151,68
151,76
151,77
151,81
151,92
151,94
151,101
151,103
151,111
151,114
151,115
151,117
151,129
151,135
151,138
151,147
151,154
151,163
151,164
151,165
151,167
151,172
151,174
151,180
151,184
151,187
151,188
151,192
151,194
151,196
152,1
152,4
152,7
152,16
152,21
152,24
152,25
152,26
152,28
152,29
152,34
152,35
152,37
152,49
152,52
152,54
152,55
152,58
152,61
152,66
152,74
152,76
152,84
152,86
152,87
152,95
152,97
152,100
152,103
152,104
152,106
152,108
152,109
152,110
152,111
152,112
152,115
152,118
152,121
152,122
152,123
152,124
152,125
152,128
152,131
152,137
152,142
152,148
152,151
152,171
152,174
152,176
152,177
152,178
152,180
152,188
152,189
152,191
152,194
153,4
153,18
153,20
153,21
153,22
153,28
153,29
153,32
153,36
153,40
153,41
153,42
153,47
153,50
153,55
153,67
153,70
153,71
153,72
153,81
153,87
153,90
153,91
153,92
153,96
153,103
153,104
153,107
153,108
153,110
153,119
153,123
153,124
153,126
153,127
153,134
153,138
153,140
153,144
153,147
153,148
153,152
153,158
153,159
153,162
153,167
153,176
153,177
153,179
153,182
153,184
153,188
153,193
153,198
154,6
154,16
154,18
154,19
154,21
154,23
154,26
154,29
154,32
154,34
154,35
154,40
154,45
154,46
154,48
154,51
154,53
154,56
154,58
154,64
154,65
154,67
154,69
154,70
154,74
154,75
154,79
154,80
154,84
154,88
154,89
154,94
154,95
154,101
154,102
154,105
154,106
154,107
154,108
154,110
154,114
154,116
154,121
154,122
154,127
154,130
154,133
154,141
154,144
154,145
154,153
154,155
154,161
154,162
154,166
154,171
154,181
154,182
154,183
154,196
154,197
154,200
155,2
155,3
155,4
155,5
155,16
155,20
155,22
155,24
155,33
155,44
155,53
155,55
155,58
155,65
155,66
155,69
155,76
155,80
155,84
155,85
155,86
155,90
155,91
155,92
155,93
155,97
155,98
155,100
155,101
155,104
155,106
155,109
155,111
155,118
155,122
155,127
155,137
155,144
155,148
155,149
155,152
155,157
155,160
155,166
155,171
155,173
155,175
155,178
155,189
155,194
155,196
155,197
155,198
156,3
156,4
156,7
156,9
156,10
156,11
156,12
156,14
156,26
156,27
156,28
156,33
156,36
156,39
156,40
156,44
156,47
156,51
156,56
156,62
156,64
156,67
156,68
156,69
156,70
156,72
156,73
156,75
156,80
156,83
156,84
156,86
156,90
156,92
156,93
156,95
156,96
156,97
156,100
156,101
156,107
156,108
156,122
156,124
156,125
156,128
156,129
156,131
156,137
156,140
156,142
156,146
156,148
156,156
156,158
156,159
156,162
156,164
156,165
156,166
156,167
156,168
156,170
156,173
156,174
156,175
156,176
156,178
156,179
156,181
156,182
156,183
157,1
157,3
157,4
157,13
157,15
157,19
157,23
157,29
157,30
157,36
157,43
157,45
157,52
157,55
157,59
157,60
157,64
157,66
157,74
157,76
157,79
157,80
157,82
157,84
157,86
157,88
157,89
157,90
157,91
157,92
157,99
157,101
157,102
157,103
157,106
157,107
157,109
157,110
157,118
157,119
157,120
157,122
157,129
157,131
157,143
157,146
157,151
157,153
157,166
157,170
157,171
157,179
157,189
157,192
157,195
157,196
158,3
158,7
158,8
158,10
158,16
158,25
158,28
158,33
158,34
158,36
158,38
158,40
158,42
158,50
158,51
158,55
158,56
158,57
158,58
158,60
158,62
158,63
158,64
158,66
158,78
158,80
158,82
158,88
158,91
158,94
158,97
158,102
158,105
158,106
158,109
158,110
158,111
158,118
158,122
158,124
158,128
158,129
158,142
158,143
158,147
158,155
158,157
158,162
158,167
158,180
158,190
158,192
158,193
158,195
158,198
158,199
159,3
159,5
159,7
159,18
159,21
159,23
159,25
159,26
159,28
159,31
159,33
159,34
159,35
159,39
159,51
159,52
159,53
159,63
159,64
159,65
159,69
159,70
159,72
159,73
159,75
159,76
159,77
159,78
159,83
159,84
159,85
159,87
159,94
159,99
159,107
159,112
159,114
159,115
159,120
159,122
159,124
159,128
159,132
159,134
159,137
159,139
159,145
159,152
159,154
159,162
159,165
159,166
159,167
159,175
159,178
159,183
159,186
159,187
159,189
159,199
160,4
160,13
160,14
160,15
160,21
160,24
160,26
160,28
160,29
160,34
160,40
160,41
160,42
160,43
160,45
160,46
160,49
160,54
160,56
160,58
160,61
160,62
160,64
160,67
160,68
160,69
160,74
160,75
160,77
160,80
160,81
160,86
160,90
160,91
160,94
160,98
160,99
160,105
160,111
160,114
160,117
160,119
160,120
160,122
160,123
160,124
160,125
160,128
160,131
160,132
160,134
160,136
160,138
160,145
160,151
160,152
160,159
160,166
160,167
160,168
160,171
160,177
160,178
160,181
160,182
160,183
160,184
160,188
160,192
160,194
160,195
160,199
161,2
161,6
161,9
161,10
161,28
161,29
161,31
161,36
161,45
161,54
161,58
161,61
161,63
161,69
161,70
161,74
161,76
161,79
161,81
161,83
161,89
161,93
161,94
161,95
161,96
161,102
161,104
161,109
161,119
161,121
161,128
161,129
161,132
161,135
161,137
161,141
161,144
161,146
161,150
161,156
161,162
161,165
161,171
161,172
161,179
161,180
161,183
161,184
161,185
161,186
161,189
161,190
161,193
161,196
162,9
162,10
162,11
162,13
162,17
162,18
162,19
162,20
162,25
162,29
162,33
162,36
162,41
162,47
162,48
162,53
162,56
162,58
162,59
162,61
162,64
162,65
162,66
162,68
162,70
162,71
162,78
162,79
162,88
162,89
162,92
162,94
162,104
162,109
162,111
162,114
162,121
162,124
162,128
162,130
162,132
162,140
162,143
162,155
162,161
162,163
162,165
162,166
162,167
162,173
162,179
162,183
162,184
162,191
162,192
162,195
162,197
162,199
162,200
163,2
163,11
163,15
163,16
163,17
163,24
163,25
163,26
163,28
163,29
163,35
163,36
163,38
163,41
163,54
163,58
163,72
163,78
163,81
163,84
163,85
163,86
163,89
163,90
163,91
163,92
163,94
163,97
163,107
163,108
163,109
163,112
163,115
163,119
163,122
163,127
163,128
163,129
163,130
163,132
163,134
163,139
163,140
163,142
163,146
163,148
163,149
163,151
163,154
163,164
163,165
163,166
163,168
163,169
163,176
163,179
163,180
163,181
163,191
164,2
164,3
164,7
164,13
164,14
164,15
164,27
164,32
164,35
164,38
164,39
164,40
164,42
164,43
164,45
164,46
164,47
164,49
164,53
164,56
164,59
164,64
164,65
164,71
164,74
164,75
164,76
164,88
164,93
164,94
164,95
164,96
164,99
164,105
164,106
164,108
164,110
164,122
164,123
164,126
164,127
164,128
164,129
164,131
164,133
164,134
164,135
164,140
164,142
164,143
164,146
164,153
164,157
164,166
164,167
164,169
164,171
164,175
164,179
164,193
164,200
165,1
165,5
165,9
165,10
165,16
165,31
165,33
165,37
165,39
165,40
165,44
165,45
165,47
165,50
165,61
165,64
165,65
165,70
165,72
165,75
165,77
165,79
165,80
165,83
165,87
165,88
165,91
165,92
165,93
165,104
165,107
165,111
165,112
165,113
165,118
165,119
165,121
165,124
165,125
165,130
165,131
165,134
165,141
165,142
165,146
165,152
165,155
165,156
165,157
165,160
165,165
165,169
165,173
165,179
165,181
165,187
165,189
165,190
165,191
165,192
165,194
165,196
165,199
166,3
166,9
166,10
166,12
166,19
166,21
166,22
166,24
166,25
166,29
166,34
166,36
166,37
166,38
166,42
166,46
166,49
166,51
166,52
166,55
166,56
166,59
166,63
166,66
166,67
166,69
166,70
166,73
166,77
166,79
166,81
166,85
166,86
166,92
166,93
166,94
166,100
166,101
166,105
166,110
166,116
166,124
166,129
166,131
166,133
166,134
166,137
166,139
166,142
166,143
166,144
166,155
166,160
166,161
166,163
166,167
166,168
166,172
166,173
166,175
166,178
166,180
166,181
166,182
166,187
166,189
166,191
166,194
167,2
167,3
167,7
167,15
167,17
167,20
167,21
167,22
167,25
167,28
167,29
167,31
167,32
167,43
167,44
167,47
167,59
167,68
167,84
167,88
167,89
167,90
167,95
167,96
167,102
167,104
167,105
167,107
167,108
167,113
167,115
167,118
167,119
167,122
167,123
167,125
167,127
167,130
167,133
167,134
167,140
167,141
167,142
167,144
167,153
167,154
167,155
167,156
167,157
167,166
167,169
167,170
167,171
167,176
167,177
167,181
167,183
167,190
167,193
167,195
168,1
168,6
168,7
168,10
168,17
168,19
168,20
168,21
168,26
168,34
168,38
168,41
168,42
168,47
168,49
168,50
168,57
168,58
168,59
168,66
168,67
168,68
168,72
168,74
168,80
168,87
168,94
168,98
168,100
168,102
168,105
168,106
168,107
168,109
168,111
168,120
168,121
168,122
168,124
168,126
168,140
168,146
168,148
168,153
168,163
168,165
168,167
168,174
168,175
168,176
168,178
168,179
168,180
168,181
168,183
168,184
168,185
168,186
168,192
168,195
168,197
169,2
169,3
169,7
169,11
169,14
169,15
169,16
169,20
169,21
169,22
169,23
169,24
169,28
169,29
169,39
169,41
169,42
169,44
169,47
169,51
169,54
169,69
169,70
169,74
169,79
169,89
169,90
169,93
169,97
169,101
169,106
169,108
169,111
169,112
169,114
169,115
169,119
169,124
169,125
169,127
169,128
169,130
169,132
169,133
169,136
169,138
169,141
169,145
169,148
169,150
169,152
169,153
169,158
169,163
169,165
169,167
169,168
169,169
169,174
169,176
169,178
169,179
169,184
169,189
169,190
169,193
169,194
169,197
169,200
170,1
170,5
170,8
170,12
170,13
170,17
170,18
170,21
170,22
170,31
170,32
170,34
170,37
170,41
170,44
170,48
170,49
170,53
170,56
170,57
170,62
170,64
170,66
170,67
170,69
170,72
170,79
170,84
170,86
170,89
170,91
170,92
170,95
170,97
170,105
170,107
170,110
170,116
170,117
170,118
170,121
170,122
170,128
170,129
170,132
170,134
170,137
170,147
170,148
170,150
170,153
170,154
170,155
170,159
170,160
170,165
170,166
170,168
170,171
170,180
170,187
170,189
170,196
170,197
171,1
171,3
171,4
171,5
171,7
171,12
171,14
171,19
171,20
171,32
171,38
171,39
171,41
171,45
171,49
171,50
171,52
171,53
171,56
171,66
171,69
171,71
171,80
171,83
171,85
171,86
171,87
171,88
171,89
171,90
171,94
171,96
171,98
171,104
171,105
171,108
171,113
171,123
171,126
171,129
171,134
171,136
171,138
171,139
171,141
171,143
171,144
171,148
171,154
171,156
171,163
171,166
171,168
171,173
171,174
171,177
171,195
171,198
172,3
172,5
172,7
172,8
172,13
172,15
172,18
172,20
172,21
172,22
172,26
172,29
172,30
172,32
172,33
172,34
172,42
172,47
172,53
172,57
172,58
172,59
172,60
172,61
172,62
172,64
172,65
172,74
172,75
172,76
172,78
172,82
172,84
172,85
172,88
172,91
172,93
172,100
172,101
172,109
172,116
172,118
172,122
172,128
172,134
172,137
172,146
172,147
172,148
172,150
172,155
172,159
172,162
172,166
172,167
172,172
172,174
172,176
172,177
172,181
172,183
172,184
172,185
172,186
172,189
172,190
172,191
172,195
172,196
172,197
173,1
173,3
173,6
173,7
173,9
173,12
173,14
173,33
173,38
173,39
173,42
173,43
173,47
173,51
173,53
173,61
173,65
173,66
173,73
173,77
173,81
173,84
173,86
173,87
173,92
173,95
173,97
173,102
173,103
173,108
173,109
173,111
173,112
173,114
173,116
173,118
173,123
173,124
173,125
173,126
173,129
173,133
173,134
173,141
173,145
173,154
173,155
173,163
173,164
173,167
173,168
173,170
173,171
173,173
173,175
173,176
173,181
173,186
173,197
173,198
174,1
174,3
174,10
174,12
174,16
174,21
174,22
174,27
174,29
174,30
174,32
174,33
174,36
174,41
174,44
174,48
174,49
174,51
174,52
174,57
174,58
174,62
174,63
174,69
174,72
174,74
174,75
174,79
174,81
174,84
174,85
174,93
174,94
174,95
174,97
174,98
174,106
174,110
174,111
174,113
174,114
174,116
174,119
174,121
174,122
174,123
174,127
174,128
174,129
174,131
174,134
174,142
174,143
174,144
174,146
174,149
174,150
174,151
174,152
174,155
174,157
174,158
174,159
174,164
174,166
174,167
174,171
174,172
174,176
174,178
174,185
174,187
174,189
174,190
174,191
174,193
174,200
175,5
175,7
175,8
175,10
175,13
175,21
175,22
175,23
175,24
175,25
175,28
175,30
175,35
175,37
175,38
175,42
175,43
175,49
175,52
175,54
175,55
175,59
175,62
175,67
175,77
175,80
175,82
175,90
175,93
175,96
175,104
175,105
175,106
175,110
175,111
175,112
175,116
175,119
175,120
175,124
175,127
175,129
175,130
175,131
175,142
175,145
175,152
175,158
175,162
175,163
175,165
175,167
175,169
175,172
175,174
175,176
175,180
175,183
175,187
175,189
175,197
175,200
176,5
176,6
176,8
176,10
176,13
176,17
176,22
176,23
176,25
176,32
176,34
176,39
176,42
176,46
176,50
176,51
176,53
176,54
176,55
176,68
176,72
176,74
176,78
176,80
176,81
176,82
176,86
176,91
176,92
176,102
176,103
176,110
176,111
176,116
176,118
176,119
176,121
176,126
176,128
176,132
176,139
176,141
176,143
176,147
176,151
176,152
176,154
176,157
176,159
176,161
176,165
176,166
176,167
176,175
176,181
176,189
176,195
176,196
176,197
176,200
177,1
177,2
177,3
177,4
177,6
177,13
177,18
177,20
177,26
177,28
177,33
177,36
177,38
177,48
177,49
177,55
177,60
177,61
177,66
177,68
177,74
177,79
177,83
177,84
177,85
177,89
177,92
177,93
177,98
177,99
177,101
177,104
177,112
177,114
177,116
177,118
177,119
177,120
177,121
177,127
177,134
177,141
177,150
177,152
177,154
177,155
177,159
177,161
177,167
177,171
177,173
177,174
177,177
177,183
177,184
177,185
177,190
177,192
177,195
177,199
178,2
178,6
178,9
178,18
178,24
178,25
178,29
178,31
178,32
178,37
178,39
178,47
178,48
178,49
178,50
178,51
178,56
178,61
178,62
178,64
178,66
178,67
178,68
178,72
178,73
178,88
178,90
178,96
178,99
178,114
178,115
178,121
178,130
178,131
178,132
178,152
178,155
178,156
178,158
178,159
178,164
178,165
178,166
178,168
178,169
178,173
178,176
178,182
178,183
178,185
178,186
178,187
178,188
178,193
178,194
178,195
178,196
179,3
179,5
179,6
179,12
179,13
179,14
179,19
179,23
179,26
179,27
179,29
179,30
179,31
179,32
179,33
179,34
179,43
179,44
179,48
179,50
179,53
179,54
179,55
179,59
179,60
179,62
179,64
179,66
179,70
179,72
179,73
179,83
179,84
179,86
179,88
179,89
179,91
179,92
179,94
179,99
179,106
179,112
179,116
179,117
179,119
179,121
179,128
179,129
179,130
179,133
179,135
179,137
179,139
179,146
179,147
179,161
179,163
179,168
179,171
179,172
179,174
179,175
179,184
179,189
179,190
179,191
179,193
179,195
180,4
180,5
180,6
180,11
180,15
180,18
180,20
180,22
180,23
180,25
180,32
180,34
180,35
180,36
180,45
180,46
180,53
180,54
180,57
180,58
180,59
180,60
180,61
180,63
180,65
180,73
180,75
180,76
180,77
180,90
180,92
180,100
180,102
180,105
180,110
180,111
180,120
180,121
180,122
180,124
180,129
180,133
180,137
180,140
180,146
180,148
180,152
180,158
180,162
180,171
180,172
180,176
180,181
180,182
180,186
180,189
180,190
180,191
180,194
180,196
180,197
180,200
181,3
181,8
181,14
181,16
181,19
181,20
181,23
181,32
181,34
181,36
181,38
181,42
181,46
181,47
181,48
181,51
181,54
181,55
181,56
181,60
181,62
181,63
181,66
181,69
181,75
181,76
181,81
181,85
181,87
181,95
181,98
181,104
181,106
181,108
181,110
181,111
181,116
181,122
181,125
181,126
181,128
181,130
181,131
181,145
181,151
181,157
181,159
181,160
181,165
181,171
181,177
181,179
181,180
181,183
181,186
181,187
181,188
181,198
181,200
182,1
182,9
182,22
182,28
182,29
182,31
182,32
182,34
182,35
182,36
182,38
182,45
182,51
182,52
182,59
182,60
182,63
182,64
182,66
182,73
182,74
182,76
182,81
182,82
182,84
182,89
182,95
182,100
182,104
182,108
182,109
182,112
182,118
182,125
182,126
182,127
182,129
182,134
182,138
182,143
182,146
182,148
182,149
182,151
182,154
182,155
182,156
182,159
182,164
182,166
182,167
182,168
182,169
182,172
182,173
182,178
182,187
182,188
182,190
182,196
182,197
182,200
183,2
183,6
183,8
183,12
183,13
183,16
183,18
183,19
183,20
183,21
183,27
183,29
183,31
183,35
183,36
183,38
183,39
183,46
183,47
183,48
183,51
183,52
183,54
183,57
183,58
183,61
183,66
183,70
183,71
183,72
183,75
183,76
183,81
183,84
183,85
183,91
183,93
183,95
183,96
183,97
183,99
183,103
183,106
183,109
183,110
183,115
183,116
183,117
183,120
183,121
183,143
183,147
183,148
183,150
183,151
183,152
183,153
183,157
183,160
183,164
183,168
183,170
183,172
183,178
183,181
183,183
183,185
183,188
183,191
184,3
184,5
184,14
184,15
184,26
184,31
184,36
184,39
184,42
184,45
184,46
184,48
184,58
184,60
184,61
184,65
184,69
184,76
184,81
184,84
184,94
184,97
184,100
184,107
184,108
184,114
184,115
184,118
184,119
184,121
184,122
184,123
184,125
184,135
184,138
184,139
184,141
184,146
184,153
184,160
184,163
184,167
184,168
184,169
184,170
184,171
184,172
184,174
184,180
184,181
184,182
184,185
184,187
184,188
184,189
184,190
184,191
184,192
184,193
184,196
184,199
185,5
185,9
185,18
185,21
185,22
185,23
185,27
185,32
185,35
185,41
185,43
185,49
185,54
185,62
185,66
185,67
185,70
185,71
185,74
185,81
185,89
185,90
185,91
185,92
185,101
185,105
185,108
185,111
185,115
185,117
185,121
185,122
185,126
185,129
185,130
185,133
185,141
185,144
185,161
185,172
185,173
185,182
185,183
185,184
185,186
185,190
185,192
185,198
185,199
186,7
186,9
186,10
186,13
186,15
186,18
186,20
186,22
186,24
186,28
186,36
186,38
186,39
186,40
186,44
186,49
186,51
186,55
186,58
186,62
186,66
186,67
186,68
186,70
186,72
186,79
186,81
186,84
186,86
186,89
186,93
186,95
186,104
186,105
186,111
186,116
186,119
186,123
186,126
186,128
186,132
186,143
186,146
186,152
186,153
186,155
186,160
186,163
186,164
186,176
186,180
186,181
186,185
186,189
186,191
186,195
186,197
186,198
186,199
186,200
187,4
187,6
187,8
187,11
187,12
187,15
187,21
187,23
187,24
187,27
187,29
187,30
187,35
187,38
187,57
187,60
187,61
187,64
187,65
187,73
187,74
187,75
187,78
187,83
187,84
187,85
187,86
187,91
187,95
187,96
187,97
187,103
187,108
187,109
187,126
187,138
187,139
187,142
187,143
187,146
187,150
187,152
187,153
187,155
187,156
187,158
187,159
187,160
187,161
187,162
187,163
187,167
187,171
187,174
187,179
187,184
187,185
187,191
187,192
187,195
187,198
188,1
188,2
188,4
188,5
188,6
188,8
188,11
188,13
188,14
188,18
188,26
188,30
188,32
188,33
188,34
188,37
188,38
188,39
188,42
188,44
188,51
188,52
188,53
188,54
188,57
188,61
188,65
188,66
188,69
188,74
188,75
188,76
188,83
188,90
188,91
188,92
188,94
188,98
188,102
188,105
188,110
188,111
188,112
188,125
188,126
188,135
188,141
188,142
188,146
188,149
188,150
188,151
188,156
188,158
188,171
188,175
188,179
188,182
188,184
188,187
188,189
188,193
188,194
188,195
188,198
188,199
189,1
189,4
189,6
189,8
189,9
189,11
189,12
189,14
189,17
189,20
189,22
189,29
189,32
189,36
189,38
189,39
189,42
189,47
189,50
189,51
189,55
189,56
189,67
189,93
189,94
189,95
189,98
189,101
189,103
189,104
189,105
189,108
189,109
189,110
189,112
189,118
189,120
189,121
189,129
189,131
189,132
189,134
189,141
189,142
189,144
189,145
189,155
189,156
189,157
189,165
189,167
189,174
189,176
189,177
189,181
189,183
189,184
189,185
189,188
189,191
190,1
190,2
190,4
190,6
190,7
190,9
190,10
190,11
190,13
190,19
190,23
190,26
190,29
190,36
190,38
190,41
190,42
190,47
190,48
190,49
190,51
190,52
190,54
190,65
190,78
190,82
190,92
190,94
190,98
190,102
190,103
190,122
190,125
190,130
190,133
190,136
190,146
190,147
190,148
190,151
190,155
190,165
190,173
190,178
190,180
190,181
190,182
190,184
190,194
190,199
190,200
191,4
191,7
191,10
191,21
191,24
191,25
191,27
191,28
191,33
191,40
191,42
191,46
191,50
191,59
191,64
191,70
191,83
191,87
191,94
191,100
191,132
191,134
191,139
191,140
191,141
191,143
191,147
191,149
191,159
191,161
191,162
191,163
191,164
191,169
191,174
191,180
191,184
191,185
191,194
191,198
192,2
192,4
192,8
192,12
192,18
192,19
192,20
192,29
192,34
192,35
192,38
192,39
192,43
192,45
192,48
192,49
192,53
192,54
192,59
192,65
192,66
192,69
192,72
192,74
192,76
192,83
192,86
192,93
192,95
192,98
192,100
192,104
192,111
192,121
192,123
192,127
192,128
192,133
192,135
192,136
192,141
192,142
192,146
192,148
192,151
192,157
192,162
192,165
192,166
192,174
192,177
192,179
192,182
192,183
192,184
192,188
192,190
192,194
192,200
193,4
193,5
193,6
193,12
193,14
193,17
193,19
193,28
193,32
193,41
193,44
193,47
193,49
193,53
193,57
193,60
193,62
193,63
193,71
193,72
193,84
193,86
193,89
193,90
193,91
193,96
193,97
193,98
193,99
193,113
193,119
193,122
193,123
193,124
193,133
193,136
193,137
193,138
193,141
193,142
193,144
193,145
193,147
193,149
193,150
193,154
193,160
193,163
193,168
193,169
193,174
193,181
193,187
193,188
193,189
193,192
193,195
193,197
193,200
194,3
194,7
194,11
194,13
194,15
194,16
194,17
194,20
194,21
194,25
194,27
194,28
194,30
194,38
194,42
194,49
194,50
194,55
194,62
194,63
194,65
194,69
194,70
194,71
194,73
194,79
194,81
194,83
194,85
194,94
194,95
194,98
194,110
194,117
194,118
194,123
194,124
194,128
194,135
194,137
194,138
194,143
194,146
194,148
194,150
194,155
194,158
194,160
194,161
194,162
194,163
194,165
194,169
194,172
194,180
194,181
194,182
194,184
194,194
194,195
194,196
194,200
195,1
195,5
195,9
195,11
195,12
195,13
195,14
195,15
195,29
195,32
195,33
195,34
195,36
195,39
195,41
195,43
195,44
195,45
195,50
195,52
195,53
195,58
195,64
195,70
195,71
195,74
195,77
195,82
195,83
195,84
195,90
195,91
195,95
195,97
195,98
195,100
195,101
195,104
195,105
195,112
195,119
195,123
195,124
195,127
195,128
195,129
195,131
195,133
195,134
195,135
195,138
195,140
195,141
195,151
195,155
195,156
195,164
195,166
195,167
195,168
195,171
195,174
195,175
195,177
195,182
195,185
195,188
195,193
195,194
195,199
195,200
196,2
196,17
196,23
196,27
196,29
196,31
196,32
196,35
196,41
196,43
196,45
196,47
196,52
196,54
196,57
196,59
196,66
196,69
196,70
196,78
196,80
196,90
196,92
196,93
196,94
196,102
196,109
196,114
196,121
196,122
196,124
196,126
196,129
196,134
196,136
196,139
196,141
196,143
196,144
196,149
196,152
196,153
196,156
196,157
196,158
196,163
196,165
196,166
196,169
196,173
196,175
196,176
196,177
196,179
196,181
196,185
196,186
196,189
196,193
196,197
196,198
196,199
197,3
197,5
197,7
197,9
197,13
197,14
197,16
197,19
197,20
197,25
197,37
197,39
197,44
197,46
197,47
197,48
197,51
197,57
197,59
197,60
197,63
197,64
197,66
197,68
197,69
197,70
197,83
197,85
197,86
197,88
197,90
197,92
197,93
197,96
197,100
197,101
197,102
197,103
197,106
197,109
197,117
197,121
197,126
197,128
197,132
197,135
197,138
197,141
197,148
197,157
197,159
197,165
197,168
197,169
197,174
197,177
197,178
197,180
197,181
197,183
197,184
197,185
197,187
197,190
197,193
197,197
197,198
197,200
198,1
198,2
198,3
198,5
198,6
198,7
198,11
198,15
198,17
198,22
198,24
198,25
198,27
198,28
198,30
198,32
198,37
198,42
198,44
198,46
198,50
198,52
198,53
198,55
198,58
198,59
198,61
198,63
198,66
198,68
198,77
198,82
198,90
198,94
198,97
198,99
198,100
198,101
198,102
198,103
198,105
198,106
198,110
198,112
198,117
198,118
198,120
198,125
198,126
198,129
198,130
198,134
198,139
198,140
198,141
198,142
198,152
198,153
198,154
198,156
198,157
198,161
198,166
198,169
198,170
198,172
198,179
198,183
198,184
198,188
198,191
198,192
198,199
199,1
199,6
199,7
199,8
199,10
199,17
199,22
199,24
199,27
199,31
199,33
199,35
199,37
199,40
199,47
199,50
199,54
199,58
199,59
199,60
199,62
199,64
199,65
199,68
199,69
199,80
199,87
199,97
199,99
199,102
199,103
199,104
199,107
199,114
199,117
199,118
199,120
199,121
199,123
199,125
199,127
199,137
199,139
199,143
199,144
199,145
199,150
199,158
199,162
199,164
199,167
199,168
199,170
199,174
199,175
199,177
199,182
199,191
199,193
200,4
200,6
200,8
200,10
200,11
200,15
200,16
200,17
200,21
200,26
200,29
200,35
200,36
200,38
200,51
200,57
200,60
200,62
200,64
200,68
200,72
200,84
200,88
200,90
200,92
200,107
200,108
200,114
200,115
200,118
200,126
200,129
200,130
200,135
200,137
200,138
200,142
200,151
200,155
200,161
200,162
200,164
200,166
200,171
200,173
200,175
200,181
200,184
200,186
200,187
200,189
200,194
200,199

