157
1,11
1,12
1,13
1,14
1,15
1,16
1,17
1,18
1,19
1,20
2,11
2,12
2,13
2,14
2,15
2,17
2,18
2,20
3,13
3,14
3,15
3,17
3,18
3,19
3,20
4,18
4,19
4,20
5,18
6,18
6,19
6,20
7,12
7,13
7,18
7,19
7,20
8,9
8,10
8,11
8,12
8,13
8,19
8,20
9,9
9,10
9,11
9,12
9,13
9,14
9,19
9,20
10,8
10,9
10,10
10,11
10,14
10,15
10,19
10,20
11,7
11,8
11,9
11,10
11,11
11,12
11,13
11,14
11,15
11,18
11,19
12,7
12,8
12,10
12,11
12,12
12,13
12,15
12,16
12,17
12,18
12,19
12,20
13,6
13,7
13,8
13,9
13,10
13,13
13,14
13,15
13,16
13,19
13,20
14,6
14,7
14,8
14,9
14,10
14,11
14,12
14,13
14,14
14,15
14,16
14,17
14,18
14,19
14,20
15,5
15,6
15,7
15,8
15,9
15,10
15,11
15,12
15,13
15,14
15,15
15,16
15,17
15,18
15,19
15,20
16,5
16,6
16,7
16,8
16,9
16,13
16,14
16,15
16,16
16,17
16,18
16,20
17,6
17,7
17,8
17,15
17,17
17,19
17,20
18,15
18,16
18,17
18,18
18,19
19,16
19,17
19,19
19,20
20,17
20,18
20,19
20,20
