126
1,17
1,18
1,19
1,20
2,17
2,18
2,20
2,21
3,18
3,19
3,21
3,22
3,23
3,24
3,25
4,18
4,19
4,20
4,21
4,24
4,25
5,21
5,22
5,23
5,24
6,21
6,22
7,21
7,22
10,28
10,29
11,28
11,29
13,15
13,16
14,15
14,16
18,38
18,39
18,40
19,38
19,40
20,38
20,40
21,38
21,39
21,40
22,38
22,39
22,45
22,46
23,44
23,45
23,46
24,44
24,45
24,46
24,47
25,45
25,46
25,47
26,46
26,47
28,49
28,50
29,16
29,17
29,49
29,50
30,16
30,17
31,15
31,16
32,15
32,16
36,38
36,39
37,38
37,39
39,40
39,41
40,39
40,40
40,41
41,39
41,40
41,41
43,5
43,6
43,13
43,14
43,15
44,5
44,6
44,13
44,14
44,15
45,14
45,15
47,9
47,10
47,24
47,25
48,9
48,10
48,11
48,24
48,25
48,26
48,35
48,36
49,9
49,10
49,11
49,19
49,20
49,25
49,26
49,27
49,28
49,35
49,36
50,19
50,20
50,27
50,28
