184
52,109
52,110
53,109
53,110
61,5
61,6
62,5
62,6
77,583
77,584
78,583
78,584
134,259
134,260
135,259
135,260
148,407
148,408
149,407
149,408
180,510
180,511
181,510
181,511
181,697
181,698
182,697
182,698
196,463
196,464
197,463
197,464
238,837
238,838
239,837
239,838
299,108
299,109
300,108
300,109
321,402
321,403
322,402
322,403
333,651
333,652
334,651
334,652
335,487
335,488
336,487
336,488
348,369
348,370
349,369
349,370
358,338
358,339
359,338
359,339
366,142
366,143
367,142
367,143
380,225
380,226
381,225
381,226
392,742
392,743
393,742
393,743
431,302
431,303
432,302
432,303
460,564
460,565
461,564
461,565
477,781
477,782
478,781
478,782
494,135
494,136
495,135
495,136
499,733
499,734
500,733
500,734
502,181
502,182
503,181
503,182
507,990
507,991
508,990
508,991
543,301
543,302
544,301
544,302
547,712
547,713
548,712
548,713
562,280
562,281
563,280
563,281
571,578
571,579
572,578
572,579
608,1
608,2
608,3
609,1
609,2
609,3
652,564
652,565
653,564
653,565
659,258
659,259
660,258
660,259
666,986
666,987
667,986
667,987
671,990
671,991
672,990
672,991
691,668
691,669
692,668
692,669
698,924
698,925
699,924
699,925
787,801
787,802
788,801
788,802
836,836
836,837
836,909
836,910
837,836
837,837
837,909
837,910
880,452
880,453
881,452
881,453
893,122
893,123
894,122
894,123
923,256
923,257
924,256
924,257
962,104
962,105
963,104
963,105
972,535
972,536
973,535
973,536
993,470
993,471
994,470
994,471
995,470
995,471
