198
1,2
1,3
1,5
1,7
1,8
1,9
1,10
1,11
2,4
2,5
2,8
2,10
2,13
2,16
2,18
2,19
3,5
3,6
3,9
3,11
3,14
3,16
4,1
4,2
4,3
4,7
4,8
4,13
4,14
4,15
4,16
5,1
5,2
5,3
5,5
5,6
5,7
5,8
5,9
5,10
5,12
5,13
5,15
5,16
5,17
6,1
6,3
6,9
6,13
6,14
6,15
6,18
6,19
6,20
7,1
7,2
7,4
7,6
7,7
7,9
7,10
7,12
7,13
7,16
7,17
7,18
7,19
8,1
8,4
8,5
8,6
8,7
8,8
8,13
8,15
8,16
8,17
8,19
9,2
9,3
9,4
9,5
9,14
9,15
9,16
9,18
9,19
10,1
10,3
10,4
10,6
10,10
10,11
10,12
10,13
10,14
10,16
10,18
10,19
10,20
11,1
11,2
11,4
11,10
11,13
11,14
11,17
11,20
12,1
12,2
12,3
12,4
12,5
12,6
12,9
12,10
12,13
12,14
12,16
13,1
13,3
13,4
13,5
13,6
13,12
13,15
13,17
13,18
14,3
14,5
14,6
14,7
14,11
14,12
14,13
14,18
15,1
15,2
15,3
15,7
15,12
15,17
15,19
16,1
16,2
16,3
16,7
16,8
16,11
16,12
16,13
16,14
16,17
16,19
17,1
17,2
17,5
17,6
17,7
17,10
17,14
17,18
17,20
18,1
18,2
18,5
18,6
18,7
18,9
18,10
18,12
18,14
18,17
18,19
18,20
19,1
19,2
19,3
19,5
19,7
19,8
19,10
19,13
19,14
19,16
19,17
19,18
20,1
20,3
20,7
20,8
20,9
20,10
20,11
20,12
20,16
20,17
20,20

